92 1364.01
93 1364
94 1364
95 1364
96 1364
97 1364
98 1364
99 1364
100 1364
101 1364
102 1364
103 1364
104 1364
105 1364
106 1364
107 1364
108 1364
109 1364
110 1364
111 1364
112 1364
113 1364
114 1364
115 1364
116 1364
117 1364
118 1364
119 1364
120 1364
121 1364
122 1364
123 1364
124 1364
125 1364
126 1364
127 1364
128 1364
129 1364
130 1364
131 1364
132 1364
133 1364
134 1364
135 1364
136 1364
137 1364
138 1364
139 1364
140 1364
141 1364
142 1364
143 1364
144 1364
145 1364
146 1364
147 1364
148 1364
149 1364
150 1364
151 1364
152 1364
153 1364
154 1364
155 1364
156 1364
157 1364
158 1364
159 1364
160 1364
161 1364
162 1364
163 1364
164 1364
165 1364
166 1364
167 1364
168 1364
169 1364
170 1364
171 1364
172 1364
173 1364
174 1364
175 1364
