-4 -4 0
-4 -3 7
-4 -2 12
-4 -1 15
-4 0 16
-4 1 15
-4 2 12
-4 3 7
-4 4 0

-3 -4 -7
-3 -3 0
-3 -2 5
-3 -1 8.00001
-3 0 9.00001
-3 1 8.00001
-3 2 5.00001
-3 3 3.20362e-006
-3 4 -7

-2 -4 -12
-2 -3 -5
-2 -2 0
-2 -1 3
-2 0 4.00001
-2 1 3.00001
-2 2 8.37146e-006
-2 3 -5
-2 4 -12

-1 -4 -15
-1 -3 -8.00001
-1 -2 -3
-1 -1 0
-1 0 1.00001
-1 1 7.73422e-006
-1 2 -2.99999
-1 3 -8
-1 4 -15

0 -4 -16
0 -3 -9.00001
0 -2 -4.00001
0 -1 -1.00001
0 0 0
0 1 -0.999997
0 2 -4
0 3 -9
0 4 -16

1 -4 -15
1 -3 -8.00001
1 -2 -3.00001
1 -1 -7.73422e-006
1 0 0.999997
1 1 0
1 2 -3
1 3 -8
1 4 -15

2 -4 -12
2 -3 -5.00001
2 -2 -8.37146e-006
2 -1 2.99999
2 0 4
2 1 3
2 2 0
2 3 -5
2 4 -12

3 -4 -7
3 -3 -3.20362e-006
3 -2 5
3 -1 8
3 0 9
3 1 8
3 2 5
3 3 0
3 4 -7

4 -4 0
4 -3 7
4 -2 12
4 -1 15
4 0 16
4 1 15
4 2 12
4 3 7
4 4 0

