176 1365
177 1365
178 1365
179 1365
180 1365
181 1365
182 1365
183 1365
184 1365
185 1365
186 1365
187 1365
188 1365
189 1365
190 1365
191 1365
192 1365
193 1365
194 1365
195 1365
196 1365
197 1365
198 1365
199 1365
200 1365
201 1365
202 1365
203 1365
204 1365
205 1365
206 1365
207 1365
208 1365
209 1365
210 1365
211 1365
212 1365
213 1365
214 1365
215 1365
216 1365
217 1365
218 1365
219 1365
220 1365
221 1365
222 1365
223 1365
224 1365
225 1365
226 1365
227 1365
228 1365
229 1365
230 1365
231 1365
