-4 -4 0
-4 -3.875 0.984375
-4 -3.75 1.9375
-4 -3.625 2.85938
-4 -3.5 3.75
-4 -3.375 4.60938
-4 -3.25 5.4375
-4 -3.125 6.23438
-4 -3 7
-4 -2.875 7.73438
-4 -2.75 8.4375
-4 -2.625 9.10938
-4 -2.5 9.75
-4 -2.375 10.3594
-4 -2.25 10.9375
-4 -2.125 11.4844
-4 -2 12
-4 -1.875 12.4844
-4 -1.75 12.9375
-4 -1.625 13.3594
-4 -1.5 13.75
-4 -1.375 14.1094
-4 -1.25 14.4375
-4 -1.125 14.7344
-4 -1 15
-4 -0.875 15.2344
-4 -0.75 15.4375
-4 -0.625 15.6094
-4 -0.5 15.75
-4 -0.375 15.8594
-4 -0.25 15.9375
-4 -0.125 15.9844
-4 0 16
-4 0.125 15.9844
-4 0.25 15.9375
-4 0.375 15.8594
-4 0.5 15.75
-4 0.625 15.6094
-4 0.75 15.4375
-4 0.875 15.2344
-4 1 15
-4 1.125 14.7344
-4 1.25 14.4375
-4 1.375 14.1094
-4 1.5 13.75
-4 1.625 13.3594
-4 1.75 12.9375
-4 1.875 12.4844
-4 2 12
-4 2.125 11.4844
-4 2.25 10.9375
-4 2.375 10.3594
-4 2.5 9.75
-4 2.625 9.10938
-4 2.75 8.4375
-4 2.875 7.73438
-4 3 7
-4 3.125 6.23438
-4 3.25 5.4375
-4 3.375 4.60938
-4 3.5 3.75
-4 3.625 2.85938
-4 3.75 1.9375
-4 3.875 0.984375
-4 4 0

-4 -4 -0.984375
-4 -3.875 0
-4 -3.75 0.953125
-4 -3.625 1.875
-4 -3.5 2.76562
-4 -3.375 3.625
-4 -3.25 4.45312
-4 -3.125 5.25
-4 -3 6.01562
-4 -2.875 6.75
-4 -2.75 7.45312
-4 -2.625 8.125
-4 -2.5 8.76562
-4 -2.375 9.375
-4 -2.25 9.95312
-4 -2.125 10.5
-4 -2 11.0156
-4 -1.875 11.5
-4 -1.75 11.9531
-4 -1.625 12.375
-4 -1.5 12.7656
-4 -1.375 13.125
-4 -1.25 13.4531
-4 -1.125 13.75
-4 -1 14.0156
-4 -0.875 14.25
-4 -0.75 14.4531
-4 -0.625 14.625
-4 -0.5 14.7656
-4 -0.375 14.875
-4 -0.25 14.9531
-4 -0.125 15
-4 0 15.0156
-4 0.125 15
-4 0.25 14.9531
-4 0.375 14.875
-4 0.5 14.7656
-4 0.625 14.625
-4 0.75 14.4531
-4 0.875 14.25
-4 1 14.0156
-4 1.125 13.75
-4 1.25 13.4531
-4 1.375 13.125
-4 1.5 12.7656
-4 1.625 12.375
-4 1.75 11.9531
-4 1.875 11.5
-4 2 11.0156
-4 2.125 10.5
-4 2.25 9.95312
-4 2.375 9.37499
-4 2.5 8.76562
-4 2.625 8.12499
-4 2.75 7.45312
-4 2.875 6.74999
-4 3 6.01562
-4 3.125 5.24999
-4 3.25 4.45312
-4 3.375 3.62499
-4 3.5 2.76562
-4 3.625 1.875
-4 3.75 0.953123
-4 3.875 -1.16451e-006
-4 4 -0.984375

-4 -4 -1.9375
-4 -3.875 -0.953125
-4 -3.75 0
-4 -3.625 0.921875
-4 -3.5 1.8125
-4 -3.375 2.67187
-4 -3.25 3.5
-4 -3.125 4.29687
-4 -3 5.0625
-4 -2.875 5.79687
-4 -2.75 6.5
-4 -2.625 7.17187
-4 -2.5 7.8125
-4 -2.375 8.42187
-4 -2.25 9
-4 -2.125 9.54687
-4 -2 10.0625
-4 -1.875 10.5469
-4 -1.75 11
-4 -1.625 11.4219
-4 -1.5 11.8125
-4 -1.375 12.1719
-4 -1.25 12.5
-4 -1.125 12.7969
-4 -1 13.0625
-4 -0.875 13.2969
-4 -0.75 13.5
-4 -0.625 13.6719
-4 -0.5 13.8125
-4 -0.375 13.9219
-4 -0.25 14
-4 -0.125 14.0469
-4 0 14.0625
-4 0.125 14.0469
-4 0.25 14
-4 0.375 13.9219
-4 0.5 13.8125
-4 0.625 13.6719
-4 0.75 13.5
-4 0.875 13.2969
-4 1 13.0625
-4 1.125 12.7969
-4 1.25 12.5
-4 1.375 12.1719
-4 1.5 11.8125
-4 1.625 11.4219
-4 1.75 11
-4 1.875 10.5469
-4 2 10.0625
-4 2.125 9.54687
-4 2.25 8.99999
-4 2.375 8.42186
-4 2.5 7.81249
-4 2.625 7.17186
-4 2.75 6.49999
-4 2.875 5.79686
-4 3 5.06249
-4 3.125 4.29686
-4 3.25 3.49999
-4 3.375 2.67186
-4 3.5 1.81249
-4 3.625 0.921868
-4 3.75 -4.52343e-006
-4 3.875 -0.953127
-4 4 -1.9375

-4 -4 -2.85938
-4 -3.875 -1.875
-4 -3.75 -0.921875
-4 -3.625 0
-4 -3.5 0.890625
-4 -3.375 1.75
-4 -3.25 2.57812
-4 -3.125 3.375
-4 -3 4.14062
-4 -2.875 4.875
-4 -2.75 5.57812
-4 -2.625 6.25
-4 -2.5 6.89062
-4 -2.375 7.5
-4 -2.25 8.07812
-4 -2.125 8.625
-4 -2 9.14062
-4 -1.875 9.625
-4 -1.75 10.0781
-4 -1.625 10.5
-4 -1.5 10.8906
-4 -1.375 11.25
-4 -1.25 11.5781
-4 -1.125 11.875
-4 -1 12.1406
-4 -0.875 12.375
-4 -0.75 12.5781
-4 -0.625 12.75
-4 -0.5 12.8906
-4 -0.375 13
-4 -0.25 13.0781
-4 -0.125 13.125
-4 0 13.1406
-4 0.125 13.125
-4 0.25 13.0781
-4 0.375 13
-4 0.5 12.8906
-4 0.625 12.75
-4 0.75 12.5781
-4 0.875 12.375
-4 1 12.1406
-4 1.125 11.875
-4 1.25 11.5781
-4 1.375 11.25
-4 1.5 10.8906
-4 1.625 10.5
-4 1.75 10.0781
-4 1.875 9.62499
-4 2 9.14061
-4 2.125 8.62499
-4 2.25 8.07811
-4 2.375 7.49998
-4 2.5 6.89061
-4 2.625 6.24998
-4 2.75 5.57811
-4 2.875 4.87498
-4 3 4.14061
-4 3.125 3.37498
-4 3.25 2.57811
-4 3.375 1.74999
-4 3.5 0.890613
-4 3.625 -9.69596e-006
-4 3.75 -0.921882
-4 3.875 -1.875
-4 4 -2.85938

-4 -4 -3.75
-4 -3.875 -2.76562
-4 -3.75 -1.8125
-4 -3.625 -0.890625
-4 -3.5 0
-4 -3.375 0.859375
-4 -3.25 1.6875
-4 -3.125 2.48437
-4 -3 3.25
-4 -2.875 3.98437
-4 -2.75 4.6875
-4 -2.625 5.35937
-4 -2.5 6
-4 -2.375 6.60937
-4 -2.25 7.1875
-4 -2.125 7.73437
-4 -2 8.25
-4 -1.875 8.73437
-4 -1.75 9.1875
-4 -1.625 9.60937
-4 -1.5 10
-4 -1.375 10.3594
-4 -1.25 10.6875
-4 -1.125 10.9844
-4 -1 11.25
-4 -0.875 11.4844
-4 -0.75 11.6875
-4 -0.625 11.8594
-4 -0.5 12
-4 -0.375 12.1094
-4 -0.25 12.1875
-4 -0.125 12.2344
-4 0 12.25
-4 0.125 12.2344
-4 0.25 12.1875
-4 0.375 12.1094
-4 0.5 12
-4 0.625 11.8594
-4 0.75 11.6875
-4 0.875 11.4844
-4 1 11.25
-4 1.125 10.9844
-4 1.25 10.6875
-4 1.375 10.3594
-4 1.5 9.99999
-4 1.625 9.60936
-4 1.75 9.18748
-4 1.875 8.73436
-4 2 8.24998
-4 2.125 7.73436
-4 2.25 7.18748
-4 2.375 6.60935
-4 2.5 5.99998
-4 2.625 5.35935
-4 2.75 4.68748
-4 2.875 3.98435
-4 3 3.24998
-4 3.125 2.48435
-4 3.25 1.68748
-4 3.375 0.859356
-4 3.5 -1.61191e-005
-4 3.625 -0.890638
-4 3.75 -1.81251
-4 3.875 -2.76563
-4 4 -3.75

-4 -4 -4.60938
-4 -3.875 -3.625
-4 -3.75 -2.67187
-4 -3.625 -1.75
-4 -3.5 -0.859375
-4 -3.375 0
-4 -3.25 0.828125
-4 -3.125 1.625
-4 -3 2.39062
-4 -2.875 3.125
-4 -2.75 3.82812
-4 -2.625 4.5
-4 -2.5 5.14062
-4 -2.375 5.75
-4 -2.25 6.32812
-4 -2.125 6.875
-4 -2 7.39062
-4 -1.875 7.875
-4 -1.75 8.32812
-4 -1.625 8.75
-4 -1.5 9.14062
-4 -1.375 9.5
-4 -1.25 9.82812
-4 -1.125 10.125
-4 -1 10.3906
-4 -0.875 10.625
-4 -0.75 10.8281
-4 -0.625 11
-4 -0.5 11.1406
-4 -0.375 11.25
-4 -0.25 11.3281
-4 -0.125 11.375
-4 0 11.3906
-4 0.125 11.375
-4 0.25 11.3281
-4 0.375 11.25
-4 0.5 11.1406
-4 0.625 11
-4 0.75 10.8281
-4 0.875 10.625
-4 1 10.3906
-4 1.125 10.125
-4 1.25 9.82811
-4 1.375 9.49998
-4 1.5 9.14061
-4 1.625 8.74998
-4 1.75 8.32811
-4 1.875 7.87498
-4 2 7.3906
-4 2.125 6.87498
-4 2.25 6.3281
-4 2.375 5.74997
-4 2.5 5.1406
-4 2.625 4.49997
-4 2.75 3.8281
-4 2.875 3.12497
-4 3 2.3906
-4 3.125 1.62497
-4 3.25 0.828099
-4 3.375 -2.31385e-005
-4 3.5 -0.859395
-4 3.625 -1.75002
-4 3.75 -2.67189
-4 3.875 -3.62501
-4 4 -4.60938

-4 -4 -5.4375
-4 -3.875 -4.45312
-4 -3.75 -3.5
-4 -3.625 -2.57812
-4 -3.5 -1.6875
-4 -3.375 -0.828125
-4 -3.25 0
-4 -3.125 0.796875
-4 -3 1.5625
-4 -2.875 2.29687
-4 -2.75 3
-4 -2.625 3.67187
-4 -2.5 4.3125
-4 -2.375 4.92187
-4 -2.25 5.5
-4 -2.125 6.04687
-4 -2 6.5625
-4 -1.875 7.04687
-4 -1.75 7.5
-4 -1.625 7.92187
-4 -1.5 8.3125
-4 -1.375 8.67187
-4 -1.25 9
-4 -1.125 9.29687
-4 -1 9.56249
-4 -0.875 9.79687
-4 -0.75 9.99999
-4 -0.625 10.1719
-4 -0.5 10.3125
-4 -0.375 10.4219
-4 -0.25 10.5
-4 -0.125 10.5469
-4 0 10.5625
-4 0.125 10.5469
-4 0.25 10.5
-4 0.375 10.4219
-4 0.5 10.3125
-4 0.625 10.1719
-4 0.75 9.99998
-4 0.875 9.79686
-4 1 9.56248
-4 1.125 9.29686
-4 1.25 8.99998
-4 1.375 8.67185
-4 1.5 8.31248
-4 1.625 7.92185
-4 1.75 7.49998
-4 1.875 7.04685
-4 2 6.56248
-4 2.125 6.04685
-4 2.25 5.49997
-4 2.375 4.92185
-4 2.5 4.31247
-4 2.625 3.67184
-4 2.75 2.99997
-4 2.875 2.29684
-4 3 1.56247
-4 3.125 0.796843
-4 3.25 -3.01075e-005
-4 3.375 -0.828152
-4 3.5 -1.68752
-4 3.625 -2.57814
-4 3.75 -3.50001
-4 3.875 -4.45313
-4 4 -5.4375

-4 -4 -6.23438
-4 -3.875 -5.25
-4 -3.75 -4.29687
-4 -3.625 -3.375
-4 -3.5 -2.48437
-4 -3.375 -1.625
-4 -3.25 -0.796875
-4 -3.125 0
-4 -3 0.765625
-4 -2.875 1.5
-4 -2.75 2.20312
-4 -2.625 2.875
-4 -2.5 3.51562
-4 -2.375 4.125
-4 -2.25 4.70312
-4 -2.125 5.25
-4 -2 5.76562
-4 -1.875 6.25
-4 -1.75 6.70312
-4 -1.625 7.125
-4 -1.5 7.51562
-4 -1.375 7.875
-4 -1.25 8.20312
-4 -1.125 8.49999
-4 -1 8.76562
-4 -0.875 8.99999
-4 -0.75 9.20312
-4 -0.625 9.37499
-4 -0.5 9.51561
-4 -0.375 9.62499
-4 -0.25 9.70311
-4 -0.125 9.74999
-4 0 9.76561
-4 0.125 9.74998
-4 0.25 9.70311
-4 0.375 9.62498
-4 0.5 9.51561
-4 0.625 9.37498
-4 0.75 9.20311
-4 0.875 8.99998
-4 1 8.7656
-4 1.125 8.49998
-4 1.25 8.2031
-4 1.375 7.87498
-4 1.5 7.5156
-4 1.625 7.12498
-4 1.75 6.7031
-4 1.875 6.24997
-4 2 5.7656
-4 2.125 5.24997
-4 2.25 4.70309
-4 2.375 4.12497
-4 2.5 3.51559
-4 2.625 2.87496
-4 2.75 2.20309
-4 2.875 1.49996
-4 3 0.765587
-4 3.125 -3.64743e-005
-4 3.25 -0.796909
-4 3.375 -1.62503
-4 3.5 -2.4844
-4 3.625 -3.37502
-4 3.75 -4.29689
-4 3.875 -5.25001
-4 4 -6.23438

-3 -4 -7
-3 -3.875 -6.01562
-3 -3.75 -5.0625
-3 -3.625 -4.14062
-3 -3.5 -3.25
-3 -3.375 -2.39062
-3 -3.25 -1.5625
-3 -3.125 -0.765625
-3 -3 0
-3 -2.875 0.734375
-3 -2.75 1.4375
-3 -2.625 2.10937
-3 -2.5 2.75
-3 -2.375 3.35937
-3 -2.25 3.9375
-3 -2.125 4.48437
-3 -2 5
-3 -1.875 5.48437
-3 -1.75 5.9375
-3 -1.625 6.35937
-3 -1.5 6.75
-3 -1.375 7.10937
-3 -1.25 7.43749
-3 -1.125 7.73437
-3 -1 7.99999
-3 -0.875 8.23437
-3 -0.75 8.43749
-3 -0.625 8.60936
-3 -0.5 8.74999
-3 -0.375 8.85936
-3 -0.25 8.93749
-3 -0.125 8.98436
-3 0 8.99998
-3 0.125 8.98436
-3 0.25 8.93748
-3 0.375 8.85936
-3 0.5 8.74998
-3 0.625 8.60935
-3 0.75 8.43748
-3 0.875 8.23435
-3 1 7.99998
-3 1.125 7.73435
-3 1.25 7.43747
-3 1.375 7.10935
-3 1.5 6.74997
-3 1.625 6.35935
-3 1.75 5.93747
-3 1.875 5.48434
-3 2 4.99997
-3 2.125 4.48434
-3 2.25 3.93746
-3 2.375 3.35934
-3 2.5 2.74996
-3 2.625 2.10933
-3 2.75 1.43746
-3 2.875 0.734333
-3 3 -4.1843e-005
-3 3.125 -0.765665
-3 3.25 -1.56254
-3 3.375 -2.39066
-3 3.5 -3.25003
-3 3.625 -4.14065
-3 3.75 -5.06251
-3 3.875 -6.01563
-3 4 -7

-3 -4 -7.73438
-3 -3.875 -6.75
-3 -3.75 -5.79687
-3 -3.625 -4.875
-3 -3.5 -3.98437
-3 -3.375 -3.125
-3 -3.25 -2.29687
-3 -3.125 -1.5
-3 -3 -0.734375
-3 -2.875 0
-3 -2.75 0.703125
-3 -2.625 1.375
-3 -2.5 2.01562
-3 -2.375 2.625
-3 -2.25 3.20312
-3 -2.125 3.75
-3 -2 4.26562
-3 -1.875 4.75
-3 -1.75 5.20312
-3 -1.625 5.625
-3 -1.5 6.01562
-3 -1.375 6.37499
-3 -1.25 6.70312
-3 -1.125 6.99999
-3 -1 7.26562
-3 -0.875 7.49999
-3 -0.75 7.70311
-3 -0.625 7.87499
-3 -0.5 8.01561
-3 -0.375 8.12499
-3 -0.25 8.20311
-3 -0.125 8.24998
-3 0 8.26561
-3 0.125 8.24998
-3 0.25 8.20311
-3 0.375 8.12498
-3 0.5 8.0156
-3 0.625 7.87498
-3 0.75 7.7031
-3 0.875 7.49997
-3 1 7.2656
-3 1.125 6.99997
-3 1.25 6.7031
-3 1.375 6.37497
-3 1.5 6.0156
-3 1.625 5.62497
-3 1.75 5.20309
-3 1.875 4.74997
-3 2 4.26559
-3 2.125 3.74996
-3 2.25 3.20309
-3 2.375 2.62496
-3 2.5 2.01558
-3 2.625 1.37496
-3 2.75 0.703079
-3 2.875 -4.60006e-005
-3 3 -0.73442
-3 3.125 -1.50004
-3 3.25 -2.29692
-3 3.375 -3.12504
-3 3.5 -3.98441
-3 3.625 -4.87502
-3 3.75 -5.79689
-3 3.875 -6.75001
-3 4 -7.73438

-3 -4 -8.4375
-3 -3.875 -7.45312
-3 -3.75 -6.5
-3 -3.625 -5.57812
-3 -3.5 -4.6875
-3 -3.375 -3.82812
-3 -3.25 -3
-3 -3.125 -2.20312
-3 -3 -1.4375
-3 -2.875 -0.703125
-3 -2.75 0
-3 -2.625 0.671875
-3 -2.5 1.3125
-3 -2.375 1.92187
-3 -2.25 2.5
-3 -2.125 3.04687
-3 -2 3.5625
-3 -1.875 4.04687
-3 -1.75 4.5
-3 -1.625 4.92187
-3 -1.5 5.3125
-3 -1.375 5.67187
-3 -1.25 5.99999
-3 -1.125 6.29687
-3 -1 6.56249
-3 -0.875 6.79687
-3 -0.75 6.99999
-3 -0.625 7.17186
-3 -0.5 7.31249
-3 -0.375 7.42186
-3 -0.25 7.49998
-3 -0.125 7.54686
-3 0 7.56248
-3 0.125 7.54685
-3 0.25 7.49998
-3 0.375 7.42185
-3 0.5 7.31248
-3 0.625 7.17185
-3 0.75 6.99997
-3 0.875 6.79685
-3 1 6.56247
-3 1.125 6.29685
-3 1.25 5.99997
-3 1.375 5.67184
-3 1.5 5.31247
-3 1.625 4.92184
-3 1.75 4.49997
-3 1.875 4.04684
-3 2 3.56246
-3 2.125 3.04684
-3 2.25 2.49996
-3 2.375 1.92183
-3 2.5 1.31245
-3 2.625 0.671827
-3 2.75 -4.89098e-005
-3 2.875 -0.703174
-3 3 -1.43755
-3 3.125 -2.20317
-3 3.25 -3.00004
-3 3.375 -3.82816
-3 3.5 -4.68753
-3 3.625 -5.57815
-3 3.75 -6.50002
-3 3.875 -7.45313
-3 4 -8.4375

-3 -4 -9.10938
-3 -3.875 -8.125
-3 -3.75 -7.17187
-3 -3.625 -6.25
-3 -3.5 -5.35937
-3 -3.375 -4.5
-3 -3.25 -3.67187
-3 -3.125 -2.875
-3 -3 -2.10937
-3 -2.875 -1.375
-3 -2.75 -0.671875
-3 -2.625 0
-3 -2.5 0.640625
-3 -2.375 1.25
-3 -2.25 1.82812
-3 -2.125 2.375
-3 -2 2.89062
-3 -1.875 3.375
-3 -1.75 3.82812
-3 -1.625 4.25
-3 -1.5 4.64062
-3 -1.375 4.99999
-3 -1.25 5.32812
-3 -1.125 5.62499
-3 -1 5.89062
-3 -0.875 6.12499
-3 -0.75 6.32811
-3 -0.625 6.49999
-3 -0.5 6.64061
-3 -0.375 6.74998
-3 -0.25 6.82811
-3 -0.125 6.87498
-3 0 6.8906
-3 0.125 6.87498
-3 0.25 6.8281
-3 0.375 6.74998
-3 0.5 6.6406
-3 0.625 6.49997
-3 0.75 6.3281
-3 0.875 6.12497
-3 1 5.89059
-3 1.125 5.62497
-3 1.25 5.32809
-3 1.375 4.99997
-3 1.5 4.64059
-3 1.625 4.24996
-3 1.75 3.82809
-3 1.875 3.37496
-3 2 2.89058
-3 2.125 2.37496
-3 2.25 1.82808
-3 2.375 1.24995
-3 2.5 0.640576
-3 2.625 -5.0676e-005
-3 2.75 -0.671927
-3 2.875 -1.37505
-3 3 -2.10943
-3 3.125 -2.87505
-3 3.25 -3.67192
-3 3.375 -4.50004
-3 3.5 -5.35941
-3 3.625 -6.25003
-3 3.75 -7.17189
-3 3.875 -8.12501
-3 4 -9.10938

-3 -4 -9.75
-3 -3.875 -8.76562
-3 -3.75 -7.8125
-3 -3.625 -6.89062
-3 -3.5 -6
-3 -3.375 -5.14062
-3 -3.25 -4.3125
-3 -3.125 -3.51562
-3 -3 -2.75
-3 -2.875 -2.01562
-3 -2.75 -1.3125
-3 -2.625 -0.640625
-3 -2.5 0
-3 -2.375 0.609375
-3 -2.25 1.1875
-3 -2.125 1.73437
-3 -2 2.25
-3 -1.875 2.73437
-3 -1.75 3.1875
-3 -1.625 3.60937
-3 -1.5 4
-3 -1.375 4.35937
-3 -1.25 4.68749
-3 -1.125 4.98437
-3 -1 5.24999
-3 -0.875 5.48436
-3 -0.75 5.68749
-3 -0.625 5.85936
-3 -0.5 5.99999
-3 -0.375 6.10936
-3 -0.25 6.18748
-3 -0.125 6.23436
-3 0 6.24998
-3 0.125 6.23435
-3 0.25 6.18748
-3 0.375 6.10935
-3 0.5 5.99997
-3 0.625 5.85935
-3 0.75 5.68747
-3 0.875 5.48434
-3 1 5.24997
-3 1.125 4.98434
-3 1.25 4.68747
-3 1.375 4.35934
-3 1.5 3.99996
-3 1.625 3.60934
-3 1.75 3.18746
-3 1.875 2.73433
-3 2 2.24996
-3 2.125 1.73433
-3 2.25 1.18745
-3 2.375 0.609326
-3 2.5 -5.14973e-005
-3 2.625 -0.640678
-3 2.75 -1.31255
-3 2.875 -2.01568
-3 3 -2.75005
-3 3.125 -3.51568
-3 3.25 -4.31255
-3 3.375 -5.14067
-3 3.5 -6.00004
-3 3.625 -6.89065
-3 3.75 -7.81252
-3 3.875 -8.76563
-3 4 -9.75

-3 -4 -10.3594
-3 -3.875 -9.375
-3 -3.75 -8.42187
-3 -3.625 -7.5
-3 -3.5 -6.60937
-3 -3.375 -5.75
-3 -3.25 -4.92187
-3 -3.125 -4.125
-3 -3 -3.35937
-3 -2.875 -2.625
-3 -2.75 -1.92187
-3 -2.625 -1.25
-3 -2.5 -0.609375
-3 -2.375 0
-3 -2.25 0.578125
-3 -2.125 1.125
-3 -2 1.64062
-3 -1.875 2.125
-3 -1.75 2.57812
-3 -1.625 3
-3 -1.5 3.39062
-3 -1.375 3.74999
-3 -1.25 4.07812
-3 -1.125 4.37499
-3 -1 4.64062
-3 -0.875 4.87499
-3 -0.75 5.07811
-3 -0.625 5.24999
-3 -0.5 5.39061
-3 -0.375 5.49998
-3 -0.25 5.57811
-3 -0.125 5.62498
-3 0 5.6406
-3 0.125 5.62498
-3 0.25 5.5781
-3 0.375 5.49997
-3 0.5 5.3906
-3 0.625 5.24997
-3 0.75 5.07809
-3 0.875 4.87497
-3 1 4.64059
-3 1.125 4.37496
-3 1.25 4.07809
-3 1.375 3.74996
-3 1.5 3.39059
-3 1.625 2.99996
-3 1.75 2.57808
-3 1.875 2.12496
-3 2 1.64058
-3 2.125 1.12495
-3 2.25 0.578076
-3 2.375 -5.16115e-005
-3 2.5 -0.609429
-3 2.625 -1.25006
-3 2.75 -1.92193
-3 2.875 -2.62506
-3 3 -3.35943
-3 3.125 -4.12505
-3 3.25 -4.92192
-3 3.375 -5.75004
-3 3.5 -6.60941
-3 3.625 -7.50003
-3 3.75 -8.42189
-3 3.875 -9.37501
-3 4 -10.3594

-3 -4 -10.9375
-3 -3.875 -9.95312
-3 -3.75 -9
-3 -3.625 -8.07812
-3 -3.5 -7.1875
-3 -3.375 -6.32812
-3 -3.25 -5.5
-3 -3.125 -4.70312
-3 -3 -3.9375
-3 -2.875 -3.20312
-3 -2.75 -2.5
-3 -2.625 -1.82812
-3 -2.5 -1.1875
-3 -2.375 -0.578125
-3 -2.25 0
-3 -2.125 0.546875
-3 -2 1.0625
-3 -1.875 1.54687
-3 -1.75 2
-3 -1.625 2.42187
-3 -1.5 2.8125
-3 -1.375 3.17187
-3 -1.25 3.49999
-3 -1.125 3.79687
-3 -1 4.06249
-3 -0.875 4.29686
-3 -0.75 4.49999
-3 -0.625 4.67186
-3 -0.5 4.81248
-3 -0.375 4.92186
-3 -0.25 4.99998
-3 -0.125 5.04685
-3 0 5.06248
-3 0.125 5.04685
-3 0.25 4.99997
-3 0.375 4.92185
-3 0.5 4.81247
-3 0.625 4.67184
-3 0.75 4.49997
-3 0.875 4.29684
-3 1 4.06246
-3 1.125 3.79684
-3 1.25 3.49996
-3 1.375 3.17184
-3 1.5 2.81246
-3 1.625 2.42183
-3 1.75 1.99996
-3 1.875 1.54683
-3 2 1.06245
-3 2.125 0.546826
-3 2.25 -5.1249e-005
-3 2.375 -0.578179
-3 2.5 -1.18756
-3 2.625 -1.82818
-3 2.75 -2.50006
-3 2.875 -3.20318
-3 3 -3.93756
-3 3.125 -4.70318
-3 3.25 -5.50005
-3 3.375 -6.32817
-3 3.5 -7.18754
-3 3.625 -8.07815
-3 3.75 -9.00002
-3 3.875 -9.95314
-3 4 -10.9375

-3 -4 -11.4844
-3 -3.875 -10.5
-3 -3.75 -9.54687
-3 -3.625 -8.625
-3 -3.5 -7.73437
-3 -3.375 -6.875
-3 -3.25 -6.04687
-3 -3.125 -5.25
-3 -3 -4.48437
-3 -2.875 -3.75
-3 -2.75 -3.04687
-3 -2.625 -2.375
-3 -2.5 -1.73437
-3 -2.375 -1.125
-3 -2.25 -0.546875
-3 -2.125 0
-3 -2 0.515624
-3 -1.875 0.999999
-3 -1.75 1.45312
-3 -1.625 1.875
-3 -1.5 2.26562
-3 -1.375 2.62499
-3 -1.25 2.95312
-3 -1.125 3.24999
-3 -1 3.51562
-3 -0.875 3.74999
-3 -0.75 3.95311
-3 -0.625 4.12499
-3 -0.5 4.26561
-3 -0.375 4.37498
-3 -0.25 4.45311
-3 -0.125 4.49998
-3 0 4.5156
-3 0.125 4.49997
-3 0.25 4.4531
-3 0.375 4.37497
-3 0.5 4.26559
-3 0.625 4.12497
-3 0.75 3.95309
-3 0.875 3.74996
-3 1 3.51559
-3 1.125 3.24996
-3 1.25 2.95309
-3 1.375 2.62496
-3 1.5 2.26558
-3 1.625 1.87496
-3 1.75 1.45308
-3 1.875 0.999954
-3 2 0.515577
-3 2.125 -5.05978e-005
-3 2.25 -0.546928
-3 2.375 -1.12506
-3 2.5 -1.73443
-3 2.625 -2.37506
-3 2.75 -3.04694
-3 2.875 -3.75006
-3 3 -4.48443
-3 3.125 -5.25006
-3 3.25 -6.04693
-3 3.375 -6.87505
-3 3.5 -7.73441
-3 3.625 -8.62503
-3 3.75 -9.5469
-3 3.875 -10.5
-3 4 -11.4844

-2 -4 -12
-2 -3.875 -11.0156
-2 -3.75 -10.0625
-2 -3.625 -9.14062
-2 -3.5 -8.25
-2 -3.375 -7.39062
-2 -3.25 -6.5625
-2 -3.125 -5.76562
-2 -3 -5
-2 -2.875 -4.26562
-2 -2.75 -3.5625
-2 -2.625 -2.89062
-2 -2.5 -2.25
-2 -2.375 -1.64062
-2 -2.25 -1.0625
-2 -2.125 -0.515624
-2 -2 0
-2 -1.875 0.484374
-2 -1.75 0.937498
-2 -1.625 1.35937
-2 -1.5 1.75
-2 -1.375 2.10937
-2 -1.25 2.43749
-2 -1.125 2.73437
-2 -1 2.99999
-2 -0.875 3.23436
-2 -0.75 3.43749
-2 -0.625 3.60936
-2 -0.5 3.74998
-2 -0.375 3.85936
-2 -0.25 3.93748
-2 -0.125 3.98435
-2 0 3.99998
-2 0.125 3.98435
-2 0.25 3.93747
-2 0.375 3.85935
-2 0.5 3.74997
-2 0.625 3.60934
-2 0.75 3.43747
-2 0.875 3.23434
-2 1 2.99996
-2 1.125 2.73434
-2 1.25 2.43746
-2 1.375 2.10933
-2 1.5 1.74996
-2 1.625 1.35933
-2 1.75 0.937454
-2 1.875 0.484327
-2 2 -4.97852e-005
-2 2.125 -0.515677
-2 2.25 -1.06255
-2 2.375 -1.64068
-2 2.5 -2.25006
-2 2.625 -2.89069
-2 2.75 -3.56256
-2 2.875 -4.26569
-2 3 -5.00006
-2 3.125 -5.76568
-2 3.25 -6.56255
-2 3.375 -7.39067
-2 3.5 -8.25004
-2 3.625 -9.14066
-2 3.75 -10.0625
-2 3.875 -11.0156
-2 4 -12

-2 -4 -12.4844
-2 -3.875 -11.5
-2 -3.75 -10.5469
-2 -3.625 -9.625
-2 -3.5 -8.73437
-2 -3.375 -7.875
-2 -3.25 -7.04687
-2 -3.125 -6.25
-2 -3 -5.48437
-2 -2.875 -4.75
-2 -2.75 -4.04687
-2 -2.625 -3.375
-2 -2.5 -2.73437
-2 -2.375 -2.125
-2 -2.25 -1.54687
-2 -2.125 -0.999999
-2 -2 -0.484374
-2 -1.875 0
-2 -1.75 0.453124
-2 -1.625 0.874998
-2 -1.5 1.26562
-2 -1.375 1.625
-2 -1.25 1.95312
-2 -1.125 2.24999
-2 -1 2.51562
-2 -0.875 2.74999
-2 -0.75 2.95311
-2 -0.625 3.12499
-2 -0.5 3.26561
-2 -0.375 3.37498
-2 -0.25 3.45311
-2 -0.125 3.49998
-2 0 3.5156
-2 0.125 3.49997
-2 0.25 3.4531
-2 0.375 3.37497
-2 0.5 3.26559
-2 0.625 3.12497
-2 0.75 2.95309
-2 0.875 2.74996
-2 1 2.51559
-2 1.125 2.24996
-2 1.25 1.95308
-2 1.375 1.62496
-2 1.5 1.26558
-2 1.625 0.874955
-2 1.75 0.453078
-2 1.875 -4.88727e-005
-2 2 -0.484426
-2 2.125 -1.00005
-2 2.25 -1.54693
-2 2.375 -2.12506
-2 2.5 -2.73444
-2 2.625 -3.37506
-2 2.75 -4.04694
-2 2.875 -4.75006
-2 3 -5.48444
-2 3.125 -6.25006
-2 3.25 -7.04693
-2 3.375 -7.87505
-2 3.5 -8.73442
-2 3.625 -9.62503
-2 3.75 -10.5469
-2 3.875 -11.5
-2 4 -12.4844

-2 -4 -12.9375
-2 -3.875 -11.9531
-2 -3.75 -11
-2 -3.625 -10.0781
-2 -3.5 -9.1875
-2 -3.375 -8.32812
-2 -3.25 -7.5
-2 -3.125 -6.70312
-2 -3 -5.9375
-2 -2.875 -5.20312
-2 -2.75 -4.5
-2 -2.625 -3.82812
-2 -2.5 -3.1875
-2 -2.375 -2.57812
-2 -2.25 -2
-2 -2.125 -1.45312
-2 -2 -0.937498
-2 -1.875 -0.453124
-2 -1.75 0
-2 -1.625 0.421874
-2 -1.5 0.812498
-2 -1.375 1.17187
-2 -1.25 1.5
-2 -1.125 1.79687
-2 -1 2.06249
-2 -0.875 2.29687
-2 -0.75 2.49999
-2 -0.625 2.67186
-2 -0.5 2.81248
-2 -0.375 2.92186
-2 -0.25 2.99998
-2 -0.125 3.04685
-2 0 3.06248
-2 0.125 3.04685
-2 0.25 2.99997
-2 0.375 2.92185
-2 0.5 2.81247
-2 0.625 2.67184
-2 0.75 2.49996
-2 0.875 2.29684
-2 1 2.06246
-2 1.125 1.79683
-2 1.25 1.49996
-2 1.375 1.17183
-2 1.5 0.812455
-2 1.625 0.421829
-2 1.75 -4.78632e-005
-2 1.875 -0.453175
-2 2 -0.937552
-2 2.125 -1.45318
-2 2.25 -2.00006
-2 2.375 -2.57818
-2 2.5 -3.18756
-2 2.625 -3.82819
-2 2.75 -4.50006
-2 2.875 -5.20319
-2 3 -5.93756
-2 3.125 -6.70318
-2 3.25 -7.50005
-2 3.375 -8.32817
-2 3.5 -9.18754
-2 3.625 -10.0782
-2 3.75 -11
-2 3.875 -11.9531
-2 4 -12.9375

-2 -4 -13.3594
-2 -3.875 -12.375
-2 -3.75 -11.4219
-2 -3.625 -10.5
-2 -3.5 -9.60937
-2 -3.375 -8.75
-2 -3.25 -7.92187
-2 -3.125 -7.125
-2 -3 -6.35937
-2 -2.875 -5.625
-2 -2.75 -4.92187
-2 -2.625 -4.25
-2 -2.5 -3.60937
-2 -2.375 -3
-2 -2.25 -2.42187
-2 -2.125 -1.875
-2 -2 -1.35937
-2 -1.875 -0.874998
-2 -1.75 -0.421874
-2 -1.625 0
-2 -1.5 0.390624
-2 -1.375 0.749998
-2 -1.25 1.07812
-2 -1.125 1.37499
-2 -1 1.64062
-2 -0.875 1.87499
-2 -0.75 2.07811
-2 -0.625 2.24999
-2 -0.5 2.39061
-2 -0.375 2.49998
-2 -0.25 2.57811
-2 -0.125 2.62498
-2 0 2.6406
-2 0.125 2.62497
-2 0.25 2.5781
-2 0.375 2.49997
-2 0.5 2.39059
-2 0.625 2.24997
-2 0.75 2.07809
-2 0.875 1.87496
-2 1 1.64059
-2 1.125 1.37496
-2 1.25 1.07808
-2 1.375 0.749956
-2 1.5 0.39058
-2 1.625 -4.6716e-005
-2 1.75 -0.421923
-2 1.875 -0.87505
-2 2 -1.35943
-2 2.125 -1.87505
-2 2.25 -2.42193
-2 2.375 -3.00006
-2 2.5 -3.60944
-2 2.625 -4.25006
-2 2.75 -4.92194
-2 2.875 -5.62506
-2 3 -6.35944
-2 3.125 -7.12506
-2 3.25 -7.92193
-2 3.375 -8.75005
-2 3.5 -9.60942
-2 3.625 -10.5
-2 3.75 -11.4219
-2 3.875 -12.375
-2 4 -13.3594

-2 -4 -13.75
-2 -3.875 -12.7656
-2 -3.75 -11.8125
-2 -3.625 -10.8906
-2 -3.5 -10
-2 -3.375 -9.14062
-2 -3.25 -8.3125
-2 -3.125 -7.51562
-2 -3 -6.75
-2 -2.875 -6.01562
-2 -2.75 -5.3125
-2 -2.625 -4.64062
-2 -2.5 -4
-2 -2.375 -3.39062
-2 -2.25 -2.8125
-2 -2.125 -2.26562
-2 -2 -1.75
-2 -1.875 -1.26562
-2 -1.75 -0.812498
-2 -1.625 -0.390624
-2 -1.5 0
-2 -1.375 0.359374
-2 -1.25 0.687497
-2 -1.125 0.984371
-2 -1 1.24999
-2 -0.875 1.48437
-2 -0.75 1.68749
-2 -0.625 1.85936
-2 -0.5 1.99999
-2 -0.375 2.10936
-2 -0.25 2.18748
-2 -0.125 2.23435
-2 0 2.24998
-2 0.125 2.23435
-2 0.25 2.18747
-2 0.375 2.10935
-2 0.5 1.99997
-2 0.625 1.85934
-2 0.75 1.68746
-2 0.875 1.48434
-2 1 1.24996
-2 1.125 0.984334
-2 1.25 0.687458
-2 1.375 0.359331
-2 1.5 -4.53638e-005
-2 1.625 -0.390672
-2 1.75 -0.812549
-2 1.875 -1.26568
-2 2 -1.75005
-2 2.125 -2.26568
-2 2.25 -2.81256
-2 2.375 -3.39068
-2 2.5 -4.00006
-2 2.625 -4.64069
-2 2.75 -5.31256
-2 2.875 -6.01569
-2 3 -6.75006
-2 3.125 -7.51569
-2 3.25 -8.31256
-2 3.375 -9.14067
-2 3.5 -10
-2 3.625 -10.8907
-2 3.75 -11.8125
-2 3.875 -12.7656
-2 4 -13.75

-2 -4 -14.1094
-2 -3.875 -13.125
-2 -3.75 -12.1719
-2 -3.625 -11.25
-2 -3.5 -10.3594
-2 -3.375 -9.5
-2 -3.25 -8.67187
-2 -3.125 -7.875
-2 -3 -7.10937
-2 -2.875 -6.37499
-2 -2.75 -5.67187
-2 -2.625 -4.99999
-2 -2.5 -4.35937
-2 -2.375 -3.74999
-2 -2.25 -3.17187
-2 -2.125 -2.62499
-2 -2 -2.10937
-2 -1.875 -1.625
-2 -1.75 -1.17187
-2 -1.625 -0.749998
-2 -1.5 -0.359374
-2 -1.375 0
-2 -1.25 0.328124
-2 -1.125 0.624997
-2 -1 0.89062
-2 -0.875 1.12499
-2 -0.75 1.32812
-2 -0.625 1.49999
-2 -0.5 1.64061
-2 -0.375 1.74999
-2 -0.25 1.82811
-2 -0.125 1.87498
-2 0 1.8906
-2 0.125 1.87498
-2 0.25 1.8281
-2 0.375 1.74997
-2 0.5 1.64059
-2 0.625 1.49997
-2 0.75 1.32809
-2 0.875 1.12496
-2 1 0.890586
-2 1.125 0.624959
-2 1.25 0.328083
-2 1.375 -4.37299e-005
-2 1.5 -0.35942
-2 1.625 -0.750047
-2 1.75 -1.17192
-2 1.875 -1.62505
-2 2 -2.10943
-2 2.125 -2.62506
-2 2.25 -3.17193
-2 2.375 -3.75006
-2 2.5 -4.35944
-2 2.625 -5.00006
-2 2.75 -5.67194
-2 2.875 -6.37506
-2 3 -7.10944
-2 3.125 -7.87506
-2 3.25 -8.67193
-2 3.375 -9.50005
-2 3.5 -10.3594
-2 3.625 -11.25
-2 3.75 -12.1719
-2 3.875 -13.125
-2 4 -14.1094

-2 -4 -14.4375
-2 -3.875 -13.4531
-2 -3.75 -12.5
-2 -3.625 -11.5781
-2 -3.5 -10.6875
-2 -3.375 -9.82812
-2 -3.25 -9
-2 -3.125 -8.20312
-2 -3 -7.43749
-2 -2.875 -6.70312
-2 -2.75 -5.99999
-2 -2.625 -5.32812
-2 -2.5 -4.68749
-2 -2.375 -4.07812
-2 -2.25 -3.49999
-2 -2.125 -2.95312
-2 -2 -2.43749
-2 -1.875 -1.95312
-2 -1.75 -1.5
-2 -1.625 -1.07812
-2 -1.5 -0.687497
-2 -1.375 -0.328124
-2 -1.25 0
-2 -1.125 0.296873
-2 -1 0.562497
-2 -0.875 0.79687
-2 -0.75 0.999993
-2 -0.625 1.17187
-2 -0.5 1.31249
-2 -0.375 1.42186
-2 -0.25 1.49998
-2 -0.125 1.54686
-2 0 1.56248
-2 0.125 1.54685
-2 0.25 1.49997
-2 0.375 1.42185
-2 0.5 1.31247
-2 0.625 1.17184
-2 0.75 0.999966
-2 0.875 0.796839
-2 1 0.562462
-2 1.125 0.296835
-2 1.25 -4.17421e-005
-2 1.375 -0.328168
-2 1.5 -0.687545
-2 1.625 -1.07817
-2 1.75 -1.50005
-2 1.875 -1.95318
-2 2 -2.43755
-2 2.125 -2.95318
-2 2.25 -3.50006
-2 2.375 -4.07819
-2 2.5 -4.68756
-2 2.625 -5.32819
-2 2.75 -6.00007
-2 2.875 -6.70319
-2 3 -7.43756
-2 3.125 -8.20319
-2 3.25 -9.00006
-2 3.375 -9.82817
-2 3.5 -10.6875
-2 3.625 -11.5782
-2 3.75 -12.5
-2 3.875 -13.4531
-2 4 -14.4375

-2 -4 -14.7344
-2 -3.875 -13.75
-2 -3.75 -12.7969
-2 -3.625 -11.875
-2 -3.5 -10.9844
-2 -3.375 -10.125
-2 -3.25 -9.29687
-2 -3.125 -8.49999
-2 -3 -7.73437
-2 -2.875 -6.99999
-2 -2.75 -6.29687
-2 -2.625 -5.62499
-2 -2.5 -4.98437
-2 -2.375 -4.37499
-2 -2.25 -3.79687
-2 -2.125 -3.24999
-2 -2 -2.73437
-2 -1.875 -2.24999
-2 -1.75 -1.79687
-2 -1.625 -1.37499
-2 -1.5 -0.984371
-2 -1.375 -0.624997
-2 -1.25 -0.296873
-2 -1.125 0
-2 -1 0.265623
-2 -0.875 0.499996
-2 -0.75 0.703119
-2 -0.625 0.874992
-2 -0.5 1.01562
-2 -0.375 1.12499
-2 -0.25 1.20311
-2 -0.125 1.24998
-2 0 1.26561
-2 0.125 1.24998
-2 0.25 1.2031
-2 0.375 1.12497
-2 0.5 1.0156
-2 0.625 0.874969
-2 0.75 0.703091
-2 0.875 0.499964
-2 1 0.265587
-2 1.125 -3.93432e-005
-2 1.25 -0.296916
-2 1.375 -0.625043
-2 1.5 -0.98442
-2 1.625 -1.37505
-2 1.75 -1.79692
-2 1.875 -2.25005
-2 2 -2.73443
-2 2.125 -3.25006
-2 2.25 -3.79693
-2 2.375 -4.37506
-2 2.5 -4.98444
-2 2.625 -5.62506
-2 2.75 -6.29694
-2 2.875 -7.00007
-2 3 -7.73444
-2 3.125 -8.50006
-2 3.25 -9.29693
-2 3.375 -10.125
-2 3.5 -10.9844
-2 3.625 -11.875
-2 3.75 -12.7969
-2 3.875 -13.75
-2 4 -14.7344

-1 -4 -15
-1 -3.875 -14.0156
-1 -3.75 -13.0625
-1 -3.625 -12.1406
-1 -3.5 -11.25
-1 -3.375 -10.3906
-1 -3.25 -9.56249
-1 -3.125 -8.76562
-1 -3 -7.99999
-1 -2.875 -7.26562
-1 -2.75 -6.56249
-1 -2.625 -5.89062
-1 -2.5 -5.24999
-1 -2.375 -4.64062
-1 -2.25 -4.06249
-1 -2.125 -3.51562
-1 -2 -2.99999
-1 -1.875 -2.51562
-1 -1.75 -2.06249
-1 -1.625 -1.64062
-1 -1.5 -1.24999
-1 -1.375 -0.89062
-1 -1.25 -0.562497
-1 -1.125 -0.265623
-1 -1 0
-1 -0.875 0.234373
-1 -0.75 0.437496
-1 -0.625 0.609369
-1 -0.5 0.749992
-1 -0.375 0.859364
-1 -0.25 0.937487
-1 -0.125 0.98436
-1 0 0.999982
-1 0.125 0.984355
-1 0.25 0.937477
-1 0.375 0.85935
-1 0.5 0.749972
-1 0.625 0.609345
-1 0.75 0.437468
-1 0.875 0.234341
-1 1 -3.64965e-005
-1 1.125 -0.265663
-1 1.25 -0.56254
-1 1.375 -0.890667
-1 1.5 -1.25004
-1 1.625 -1.64067
-1 1.75 -2.06255
-1 1.875 -2.51567
-1 2 -3.00005
-1 2.125 -3.51568
-1 2.25 -4.06256
-1 2.375 -4.64068
-1 2.5 -5.25006
-1 2.625 -5.89069
-1 2.75 -6.56256
-1 2.875 -7.26569
-1 3 -8.00006
-1 3.125 -8.76569
-1 3.25 -9.56256
-1 3.375 -10.3907
-1 3.5 -11.25
-1 3.625 -12.1407
-1 3.75 -13.0625
-1 3.875 -14.0156
-1 4 -15

-1 -4 -15.2344
-1 -3.875 -14.25
-1 -3.75 -13.2969
-1 -3.625 -12.375
-1 -3.5 -11.4844
-1 -3.375 -10.625
-1 -3.25 -9.79687
-1 -3.125 -8.99999
-1 -3 -8.23437
-1 -2.875 -7.49999
-1 -2.75 -6.79687
-1 -2.625 -6.12499
-1 -2.5 -5.48436
-1 -2.375 -4.87499
-1 -2.25 -4.29686
-1 -2.125 -3.74999
-1 -2 -3.23436
-1 -1.875 -2.74999
-1 -1.75 -2.29687
-1 -1.625 -1.87499
-1 -1.5 -1.48437
-1 -1.375 -1.12499
-1 -1.25 -0.79687
-1 -1.125 -0.499996
-1 -1 -0.234373
-1 -0.875 0
-1 -0.75 0.203123
-1 -0.625 0.374996
-1 -0.5 0.515619
-1 -0.375 0.624991
-1 -0.25 0.703114
-1 -0.125 0.749986
-1 0 0.765609
-1 0.125 0.749981
-1 0.25 0.703104
-1 0.375 0.624976
-1 0.5 0.515599
-1 0.625 0.374971
-1 0.75 0.203094
-1 0.875 -3.31882e-005
-1 1 -0.23441
-1 1.125 -0.500037
-1 1.25 -0.796914
-1 1.375 -1.12504
-1 1.5 -1.48442
-1 1.625 -1.87504
-1 1.75 -2.29692
-1 1.875 -2.75005
-1 2 -3.23443
-1 2.125 -3.75005
-1 2.25 -4.29693
-1 2.375 -4.87506
-1 2.5 -5.48444
-1 2.625 -6.12506
-1 2.75 -6.79694
-1 2.875 -7.50006
-1 3 -8.23444
-1 3.125 -9.00006
-1 3.25 -9.79693
-1 3.375 -10.625
-1 3.5 -11.4844
-1 3.625 -12.375
-1 3.75 -13.2969
-1 3.875 -14.25
-1 4 -15.2344

-1 -4 -15.4375
-1 -3.875 -14.4531
-1 -3.75 -13.5
-1 -3.625 -12.5781
-1 -3.5 -11.6875
-1 -3.375 -10.8281
-1 -3.25 -9.99999
-1 -3.125 -9.20312
-1 -3 -8.43749
-1 -2.875 -7.70311
-1 -2.75 -6.99999
-1 -2.625 -6.32811
-1 -2.5 -5.68749
-1 -2.375 -5.07811
-1 -2.25 -4.49999
-1 -2.125 -3.95311
-1 -2 -3.43749
-1 -1.875 -2.95311
-1 -1.75 -2.49999
-1 -1.625 -2.07811
-1 -1.5 -1.68749
-1 -1.375 -1.32812
-1 -1.25 -0.999993
-1 -1.125 -0.703119
-1 -1 -0.437496
-1 -0.875 -0.203123
-1 -0.75 0
-1 -0.625 0.171873
-1 -0.5 0.312496
-1 -0.375 0.421868
-1 -0.25 0.499991
-1 -0.125 0.546863
-1 0 0.562486
-1 0.125 0.546858
-1 0.25 0.49998
-1 0.375 0.421853
-1 0.5 0.312475
-1 0.625 0.171848
-1 0.75 -2.94272e-005
-1 0.875 -0.203157
-1 1 -0.437534
-1 1.125 -0.703161
-1 1.25 -1.00004
-1 1.375 -1.32816
-1 1.5 -1.68754
-1 1.625 -2.07817
-1 1.75 -2.50005
-1 1.875 -2.95317
-1 2 -3.43755
-1 2.125 -3.95318
-1 2.25 -4.50006
-1 2.375 -5.07818
-1 2.5 -5.68756
-1 2.625 -6.32819
-1 2.75 -7.00006
-1 2.875 -7.70319
-1 3 -8.43756
-1 3.125 -9.20318
-1 3.25 -10.0001
-1 3.375 -10.8282
-1 3.5 -11.6875
-1 3.625 -12.5782
-1 3.75 -13.5
-1 3.875 -14.4531
-1 4 -15.4375

-1 -4 -15.6094
-1 -3.875 -14.625
-1 -3.75 -13.6719
-1 -3.625 -12.75
-1 -3.5 -11.8594
-1 -3.375 -11
-1 -3.25 -10.1719
-1 -3.125 -9.37499
-1 -3 -8.60936
-1 -2.875 -7.87499
-1 -2.75 -7.17186
-1 -2.625 -6.49999
-1 -2.5 -5.85936
-1 -2.375 -5.24999
-1 -2.25 -4.67186
-1 -2.125 -4.12499
-1 -2 -3.60936
-1 -1.875 -3.12499
-1 -1.75 -2.67186
-1 -1.625 -2.24999
-1 -1.5 -1.85936
-1 -1.375 -1.49999
-1 -1.25 -1.17187
-1 -1.125 -0.874992
-1 -1 -0.609369
-1 -0.875 -0.374996
-1 -0.75 -0.171873
-1 -0.625 0
-1 -0.5 0.140623
-1 -0.375 0.249995
-1 -0.25 0.328118
-1 -0.125 0.37499
-1 0 0.390613
-1 0.125 0.374985
-1 0.25 0.328107
-1 0.375 0.24998
-1 0.5 0.140602
-1 0.625 -2.52425e-005
-1 0.75 -0.171903
-1 0.875 -0.37503
-1 1 -0.609407
-1 1.125 -0.875034
-1 1.25 -1.17191
-1 1.375 -1.50004
-1 1.5 -1.85942
-1 1.625 -2.25004
-1 1.75 -2.67192
-1 1.875 -3.12505
-1 2 -3.60942
-1 2.125 -4.12505
-1 2.25 -4.67193
-1 2.375 -5.25006
-1 2.5 -5.85944
-1 2.625 -6.50006
-1 2.75 -7.17194
-1 2.875 -7.87506
-1 3 -8.60944
-1 3.125 -9.37506
-1 3.25 -10.1719
-1 3.375 -11
-1 3.5 -11.8594
-1 3.625 -12.75
-1 3.75 -13.6719
-1 3.875 -14.625
-1 4 -15.6094

-1 -4 -15.75
-1 -3.875 -14.7656
-1 -3.75 -13.8125
-1 -3.625 -12.8906
-1 -3.5 -12
-1 -3.375 -11.1406
-1 -3.25 -10.3125
-1 -3.125 -9.51561
-1 -3 -8.74999
-1 -2.875 -8.01561
-1 -2.75 -7.31249
-1 -2.625 -6.64061
-1 -2.5 -5.99999
-1 -2.375 -5.39061
-1 -2.25 -4.81248
-1 -2.125 -4.26561
-1 -2 -3.74998
-1 -1.875 -3.26561
-1 -1.75 -2.81248
-1 -1.625 -2.39061
-1 -1.5 -1.99999
-1 -1.375 -1.64061
-1 -1.25 -1.31249
-1 -1.125 -1.01562
-1 -1 -0.749992
-1 -0.875 -0.515619
-1 -0.75 -0.312496
-1 -0.625 -0.140623
-1 -0.5 0
-1 -0.375 0.109373
-1 -0.25 0.187495
-1 -0.125 0.234368
-1 0 0.24999
-1 0.125 0.234362
-1 0.25 0.187485
-1 0.375 0.109357
-1 0.5 -2.06803e-005
-1 0.625 -0.140648
-1 0.75 -0.312526
-1 0.875 -0.515653
-1 1 -0.75003
-1 1.125 -1.01566
-1 1.25 -1.31253
-1 1.375 -1.64066
-1 1.5 -2.00004
-1 1.625 -2.39067
-1 1.75 -2.81254
-1 1.875 -3.26567
-1 2 -3.75005
-1 2.125 -4.26568
-1 2.25 -4.81255
-1 2.375 -5.39068
-1 2.5 -6.00006
-1 2.625 -6.64069
-1 2.75 -7.31256
-1 2.875 -8.01569
-1 3 -8.75006
-1 3.125 -9.51568
-1 3.25 -10.3126
-1 3.375 -11.1407
-1 3.5 -12
-1 3.625 -12.8907
-1 3.75 -13.8125
-1 3.875 -14.7656
-1 4 -15.75

-1 -4 -15.8594
-1 -3.875 -14.875
-1 -3.75 -13.9219
-1 -3.625 -13
-1 -3.5 -12.1094
-1 -3.375 -11.25
-1 -3.25 -10.4219
-1 -3.125 -9.62499
-1 -3 -8.85936
-1 -2.875 -8.12499
-1 -2.75 -7.42186
-1 -2.625 -6.74998
-1 -2.5 -6.10936
-1 -2.375 -5.49998
-1 -2.25 -4.92186
-1 -2.125 -4.37498
-1 -2 -3.85936
-1 -1.875 -3.37498
-1 -1.75 -2.92186
-1 -1.625 -2.49998
-1 -1.5 -2.10936
-1 -1.375 -1.74999
-1 -1.25 -1.42186
-1 -1.125 -1.12499
-1 -1 -0.859364
-1 -0.875 -0.624991
-1 -0.75 -0.421868
-1 -0.625 -0.249995
-1 -0.5 -0.109373
-1 -0.375 0
-1 -0.25 0.0781225
-1 -0.125 0.124995
-1 0 0.140617
-1 0.125 0.12499
-1 0.25 0.0781119
-1 0.375 -1.58008e-005
-1 0.5 -0.109393
-1 0.625 -0.250021
-1 0.75 -0.421898
-1 0.875 -0.625026
-1 1 -0.859403
-1 1.125 -1.12503
-1 1.25 -1.42191
-1 1.375 -1.75003
-1 1.5 -2.10941
-1 1.625 -2.50004
-1 1.75 -2.92192
-1 1.875 -3.37504
-1 2 -3.85942
-1 2.125 -4.37505
-1 2.25 -4.92193
-1 2.375 -5.50006
-1 2.5 -6.10943
-1 2.625 -6.75006
-1 2.75 -7.42194
-1 2.875 -8.12506
-1 3 -8.85944
-1 3.125 -9.62506
-1 3.25 -10.4219
-1 3.375 -11.25
-1 3.5 -12.1094
-1 3.625 -13
-1 3.75 -13.9219
-1 3.875 -14.875
-1 4 -15.8594

-1 -4 -15.9375
-1 -3.875 -14.9531
-1 -3.75 -14
-1 -3.625 -13.0781
-1 -3.5 -12.1875
-1 -3.375 -11.3281
-1 -3.25 -10.5
-1 -3.125 -9.70311
-1 -3 -8.93749
-1 -2.875 -8.20311
-1 -2.75 -7.49998
-1 -2.625 -6.82811
-1 -2.5 -6.18748
-1 -2.375 -5.57811
-1 -2.25 -4.99998
-1 -2.125 -4.45311
-1 -2 -3.93748
-1 -1.875 -3.45311
-1 -1.75 -2.99998
-1 -1.625 -2.57811
-1 -1.5 -2.18748
-1 -1.375 -1.82811
-1 -1.25 -1.49998
-1 -1.125 -1.20311
-1 -1 -0.937487
-1 -0.875 -0.703114
-1 -0.75 -0.499991
-1 -0.625 -0.328118
-1 -0.5 -0.187495
-1 -0.375 -0.0781225
-1 -0.25 0
-1 -0.125 0.0468724
-1 0 0.0624947
-1 0.125 0.046867
-1 0.25 -1.06747e-005
-1 0.375 -0.0781384
-1 0.5 -0.187516
-1 0.625 -0.328144
-1 0.75 -0.500021
-1 0.875 -0.703149
-1 1 -0.937526
-1 1.125 -1.20315
-1 1.25 -1.50003
-1 1.375 -1.82816
-1 1.5 -2.18753
-1 1.625 -2.57816
-1 1.75 -3.00004
-1 1.875 -3.45317
-1 2 -3.93754
-1 2.125 -4.45317
-1 2.25 -5.00005
-1 2.375 -5.57818
-1 2.5 -6.18756
-1 2.625 -6.82818
-1 2.75 -7.50006
-1 2.875 -8.20319
-1 3 -8.93756
-1 3.125 -9.70318
-1 3.25 -10.5001
-1 3.375 -11.3282
-1 3.5 -12.1875
-1 3.625 -13.0782
-1 3.75 -14
-1 3.875 -14.9531
-1 4 -15.9375

-1 -4 -15.9844
-1 -3.875 -15
-1 -3.75 -14.0469
-1 -3.625 -13.125
-1 -3.5 -12.2344
-1 -3.375 -11.375
-1 -3.25 -10.5469
-1 -3.125 -9.74999
-1 -3 -8.98436
-1 -2.875 -8.24998
-1 -2.75 -7.54686
-1 -2.625 -6.87498
-1 -2.5 -6.23436
-1 -2.375 -5.62498
-1 -2.25 -5.04685
-1 -2.125 -4.49998
-1 -2 -3.98435
-1 -1.875 -3.49998
-1 -1.75 -3.04685
-1 -1.625 -2.62498
-1 -1.5 -2.23435
-1 -1.375 -1.87498
-1 -1.25 -1.54686
-1 -1.125 -1.24998
-1 -1 -0.98436
-1 -0.875 -0.749986
-1 -0.75 -0.546863
-1 -0.625 -0.37499
-1 -0.5 -0.234368
-1 -0.375 -0.124995
-1 -0.25 -0.0468724
-1 -0.125 0
-1 0 0.0156223
-1 0.125 -5.38004e-006
-1 0.25 -0.0468831
-1 0.375 -0.125011
-1 0.5 -0.234389
-1 0.625 -0.375016
-1 0.75 -0.546894
-1 0.875 -0.750021
-1 1 -0.984399
-1 1.125 -1.25003
-1 1.25 -1.5469
-1 1.375 -1.87503
-1 1.5 -2.23441
-1 1.625 -2.62504
-1 1.75 -3.04691
-1 1.875 -3.50004
-1 2 -3.98442
-1 2.125 -4.50005
-1 2.25 -5.04692
-1 2.375 -5.62505
-1 2.5 -6.23443
-1 2.625 -6.87506
-1 2.75 -7.54693
-1 2.875 -8.25006
-1 3 -8.98443
-1 3.125 -9.75006
-1 3.25 -10.5469
-1 3.375 -11.375
-1 3.5 -12.2344
-1 3.625 -13.125
-1 3.75 -14.0469
-1 3.875 -15
-1 4 -15.9844

0 -4 -16
0 -3.875 -15.0156
0 -3.75 -14.0625
0 -3.625 -13.1406
0 -3.5 -12.25
0 -3.375 -11.3906
0 -3.25 -10.5625
0 -3.125 -9.76561
0 -3 -8.99998
0 -2.875 -8.26561
0 -2.75 -7.56248
0 -2.625 -6.8906
0 -2.5 -6.24998
0 -2.375 -5.6406
0 -2.25 -5.06248
0 -2.125 -4.5156
0 -2 -3.99998
0 -1.875 -3.5156
0 -1.75 -3.06248
0 -1.625 -2.6406
0 -1.5 -2.24998
0 -1.375 -1.8906
0 -1.25 -1.56248
0 -1.125 -1.26561
0 -1 -0.999982
0 -0.875 -0.765609
0 -0.75 -0.562486
0 -0.625 -0.390613
0 -0.5 -0.24999
0 -0.375 -0.140617
0 -0.25 -0.0624947
0 -0.125 -0.0156223
0 0 0
0 0.125 -0.0156277
0 0.25 -0.0625055
0 0.375 -0.140633
0 0.5 -0.250011
0 0.625 -0.390639
0 0.75 -0.562516
0 0.875 -0.765644
0 1 -1.00002
0 1.125 -1.26565
0 1.25 -1.56253
0 1.375 -1.89065
0 1.5 -2.25003
0 1.625 -2.64066
0 1.75 -3.06254
0 1.875 -3.51566
0 2 -4.00004
0 2.125 -4.51567
0 2.25 -5.06255
0 2.375 -5.64068
0 2.5 -6.25005
0 2.625 -6.89068
0 2.75 -7.56256
0 2.875 -8.26568
0 3 -9.00006
0 3.125 -9.76568
0 3.25 -10.5626
0 3.375 -11.3907
0 3.5 -12.25
0 3.625 -13.1407
0 3.75 -14.0625
0 3.875 -15.0156
0 4 -16

0 -4 -15.9844
0 -3.875 -15
0 -3.75 -14.0469
0 -3.625 -13.125
0 -3.5 -12.2344
0 -3.375 -11.375
0 -3.25 -10.5469
0 -3.125 -9.74998
0 -3 -8.98436
0 -2.875 -8.24998
0 -2.75 -7.54685
0 -2.625 -6.87498
0 -2.5 -6.23435
0 -2.375 -5.62498
0 -2.25 -5.04685
0 -2.125 -4.49997
0 -2 -3.98435
0 -1.875 -3.49997
0 -1.75 -3.04685
0 -1.625 -2.62497
0 -1.5 -2.23435
0 -1.375 -1.87498
0 -1.25 -1.54685
0 -1.125 -1.24998
0 -1 -0.984355
0 -0.875 -0.749981
0 -0.75 -0.546858
0 -0.625 -0.374985
0 -0.5 -0.234362
0 -0.375 -0.12499
0 -0.25 -0.046867
0 -0.125 5.38004e-006
0 0 0.0156277
0 0.125 0
0 0.25 -0.0468778
0 0.375 -0.125006
0 0.5 -0.234383
0 0.625 -0.375011
0 0.75 -0.546889
0 0.875 -0.750016
0 1 -0.984394
0 1.125 -1.25002
0 1.25 -1.5469
0 1.375 -1.87503
0 1.5 -2.2344
0 1.625 -2.62503
0 1.75 -3.04691
0 1.875 -3.50004
0 2 -3.98441
0 2.125 -4.50004
0 2.25 -5.04692
0 2.375 -5.62505
0 2.5 -6.23443
0 2.625 -6.87505
0 2.75 -7.54693
0 2.875 -8.25006
0 3 -8.98443
0 3.125 -9.75005
0 3.25 -10.5469
0 3.375 -11.375
0 3.5 -12.2344
0 3.625 -13.125
0 3.75 -14.0469
0 3.875 -15
0 4 -15.9844

0 -4 -15.9375
0 -3.875 -14.9531
0 -3.75 -14
0 -3.625 -13.0781
0 -3.5 -12.1875
0 -3.375 -11.3281
0 -3.25 -10.5
0 -3.125 -9.70311
0 -3 -8.93748
0 -2.875 -8.20311
0 -2.75 -7.49998
0 -2.625 -6.8281
0 -2.5 -6.18748
0 -2.375 -5.5781
0 -2.25 -4.99997
0 -2.125 -4.4531
0 -2 -3.93747
0 -1.875 -3.4531
0 -1.75 -2.99997
0 -1.625 -2.5781
0 -1.5 -2.18747
0 -1.375 -1.8281
0 -1.25 -1.49997
0 -1.125 -1.2031
0 -1 -0.937477
0 -0.875 -0.703104
0 -0.75 -0.49998
0 -0.625 -0.328107
0 -0.5 -0.187485
0 -0.375 -0.0781119
0 -0.25 1.06747e-005
0 -0.125 0.0468831
0 0 0.0625055
0 0.125 0.0468778
0 0.25 0
0 0.375 -0.0781278
0 0.5 -0.187506
0 0.625 -0.328133
0 0.75 -0.500011
0 0.875 -0.703138
0 1 -0.937516
0 1.125 -1.20314
0 1.25 -1.50002
0 1.375 -1.82815
0 1.5 -2.18753
0 1.625 -2.57815
0 1.75 -3.00003
0 1.875 -3.45316
0 2 -3.93754
0 2.125 -4.45317
0 2.25 -5.00004
0 2.375 -5.57817
0 2.5 -6.18755
0 2.625 -6.82818
0 2.75 -7.50006
0 2.875 -8.20318
0 3 -8.93756
0 3.125 -9.70318
0 3.25 -10.5001
0 3.375 -11.3282
0 3.5 -12.1875
0 3.625 -13.0782
0 3.75 -14
0 3.875 -14.9531
0 4 -15.9375

0 -4 -15.8594
0 -3.875 -14.875
0 -3.75 -13.9219
0 -3.625 -13
0 -3.5 -12.1094
0 -3.375 -11.25
0 -3.25 -10.4219
0 -3.125 -9.62498
0 -3 -8.85936
0 -2.875 -8.12498
0 -2.75 -7.42185
0 -2.625 -6.74998
0 -2.5 -6.10935
0 -2.375 -5.49997
0 -2.25 -4.92185
0 -2.125 -4.37497
0 -2 -3.85935
0 -1.875 -3.37497
0 -1.75 -2.92185
0 -1.625 -2.49997
0 -1.5 -2.10935
0 -1.375 -1.74997
0 -1.25 -1.42185
0 -1.125 -1.12497
0 -1 -0.85935
0 -0.875 -0.624976
0 -0.75 -0.421853
0 -0.625 -0.24998
0 -0.5 -0.109357
0 -0.375 1.58008e-005
0 -0.25 0.0781384
0 -0.125 0.125011
0 0 0.140633
0 0.125 0.125006
0 0.25 0.0781278
0 0.375 0
0 0.5 -0.109378
0 0.625 -0.250005
0 0.75 -0.421883
0 0.875 -0.625011
0 1 -0.859388
0 1.125 -1.12502
0 1.25 -1.42189
0 1.375 -1.75002
0 1.5 -2.1094
0 1.625 -2.50003
0 1.75 -2.9219
0 1.875 -3.37503
0 2 -3.85941
0 2.125 -4.37504
0 2.25 -4.92192
0 2.375 -5.50005
0 2.5 -6.10942
0 2.625 -6.75005
0 2.75 -7.42193
0 2.875 -8.12505
0 3 -8.85943
0 3.125 -9.62505
0 3.25 -10.4219
0 3.375 -11.25
0 3.5 -12.1094
0 3.625 -13
0 3.75 -13.9219
0 3.875 -14.875
0 4 -15.8594

0 -4 -15.75
0 -3.875 -14.7656
0 -3.75 -13.8125
0 -3.625 -12.8906
0 -3.5 -12
0 -3.375 -11.1406
0 -3.25 -10.3125
0 -3.125 -9.51561
0 -3 -8.74998
0 -2.875 -8.0156
0 -2.75 -7.31248
0 -2.625 -6.6406
0 -2.5 -5.99997
0 -2.375 -5.3906
0 -2.25 -4.81247
0 -2.125 -4.26559
0 -2 -3.74997
0 -1.875 -3.26559
0 -1.75 -2.81247
0 -1.625 -2.39059
0 -1.5 -1.99997
0 -1.375 -1.64059
0 -1.25 -1.31247
0 -1.125 -1.0156
0 -1 -0.749972
0 -0.875 -0.515599
0 -0.75 -0.312475
0 -0.625 -0.140602
0 -0.5 2.06803e-005
0 -0.375 0.109393
0 -0.25 0.187516
0 -0.125 0.234389
0 0 0.250011
0 0.125 0.234383
0 0.25 0.187506
0 0.375 0.109378
0 0.5 0
0 0.625 -0.140628
0 0.75 -0.312505
0 0.875 -0.515633
0 1 -0.750011
0 1.125 -1.01564
0 1.25 -1.31252
0 1.375 -1.64064
0 1.5 -2.00002
0 1.625 -2.39065
0 1.75 -2.81253
0 1.875 -3.26565
0 2 -3.75003
0 2.125 -4.26566
0 2.25 -4.81254
0 2.375 -5.39067
0 2.5 -6.00005
0 2.625 -6.64068
0 2.75 -7.31255
0 2.875 -8.01568
0 3 -8.75005
0 3.125 -9.51568
0 3.25 -10.3125
0 3.375 -11.1407
0 3.5 -12
0 3.625 -12.8907
0 3.75 -13.8125
0 3.875 -14.7656
0 4 -15.75

0 -4 -15.6094
0 -3.875 -14.625
0 -3.75 -13.6719
0 -3.625 -12.75
0 -3.5 -11.8594
0 -3.375 -11
0 -3.25 -10.1719
0 -3.125 -9.37498
0 -3 -8.60935
0 -2.875 -7.87498
0 -2.75 -7.17185
0 -2.625 -6.49997
0 -2.5 -5.85935
0 -2.375 -5.24997
0 -2.25 -4.67184
0 -2.125 -4.12497
0 -2 -3.60934
0 -1.875 -3.12497
0 -1.75 -2.67184
0 -1.625 -2.24997
0 -1.5 -1.85934
0 -1.375 -1.49997
0 -1.25 -1.17184
0 -1.125 -0.874969
0 -1 -0.609345
0 -0.875 -0.374971
0 -0.75 -0.171848
0 -0.625 2.52425e-005
0 -0.5 0.140648
0 -0.375 0.250021
0 -0.25 0.328144
0 -0.125 0.375016
0 0 0.390639
0 0.125 0.375011
0 0.25 0.328133
0 0.375 0.250005
0 0.5 0.140628
0 0.625 0
0 0.75 -0.171878
0 0.875 -0.375005
0 1 -0.609383
0 1.125 -0.875011
0 1.25 -1.17189
0 1.375 -1.50002
0 1.5 -1.85939
0 1.625 -2.25002
0 1.75 -2.6719
0 1.875 -3.12503
0 2 -3.60941
0 2.125 -4.12503
0 2.25 -4.67191
0 2.375 -5.25004
0 2.5 -5.85942
0 2.625 -6.50005
0 2.75 -7.17193
0 2.875 -7.87505
0 3 -8.60943
0 3.125 -9.37505
0 3.25 -10.1719
0 3.375 -11
0 3.5 -11.8594
0 3.625 -12.75
0 3.75 -13.6719
0 3.875 -14.625
0 4 -15.6094

0 -4 -15.4375
0 -3.875 -14.4531
0 -3.75 -13.5
0 -3.625 -12.5781
0 -3.5 -11.6875
0 -3.375 -10.8281
0 -3.25 -9.99998
0 -3.125 -9.20311
0 -3 -8.43748
0 -2.875 -7.7031
0 -2.75 -6.99997
0 -2.625 -6.3281
0 -2.5 -5.68747
0 -2.375 -5.07809
0 -2.25 -4.49997
0 -2.125 -3.95309
0 -2 -3.43747
0 -1.875 -2.95309
0 -1.75 -2.49996
0 -1.625 -2.07809
0 -1.5 -1.68746
0 -1.375 -1.32809
0 -1.25 -0.999966
0 -1.125 -0.703091
0 -1 -0.437468
0 -0.875 -0.203094
0 -0.75 2.94272e-005
0 -0.625 0.171903
0 -0.5 0.312526
0 -0.375 0.421898
0 -0.25 0.500021
0 -0.125 0.546894
0 0 0.562516
0 0.125 0.546889
0 0.25 0.500011
0 0.375 0.421883
0 0.5 0.312505
0 0.625 0.171878
0 0.75 0
0 0.875 -0.203128
0 1 -0.437505
0 1.125 -0.703133
0 1.25 -1.00001
0 1.375 -1.32814
0 1.5 -1.68752
0 1.625 -2.07814
0 1.75 -2.50002
0 1.875 -2.95315
0 2 -3.43753
0 2.125 -3.95316
0 2.25 -4.50004
0 2.375 -5.07816
0 2.5 -5.68754
0 2.625 -6.32817
0 2.75 -7.00005
0 2.875 -7.70318
0 3 -8.43755
0 3.125 -9.20317
0 3.25 -10
0 3.375 -10.8282
0 3.5 -11.6875
0 3.625 -12.5782
0 3.75 -13.5
0 3.875 -14.4531
0 4 -15.4375

0 -4 -15.2344
0 -3.875 -14.25
0 -3.75 -13.2969
0 -3.625 -12.375
0 -3.5 -11.4844
0 -3.375 -10.625
0 -3.25 -9.79686
0 -3.125 -8.99998
0 -3 -8.23435
0 -2.875 -7.49997
0 -2.75 -6.79685
0 -2.625 -6.12497
0 -2.5 -5.48434
0 -2.375 -4.87497
0 -2.25 -4.29684
0 -2.125 -3.74996
0 -2 -3.23434
0 -1.875 -2.74996
0 -1.75 -2.29684
0 -1.625 -1.87496
0 -1.5 -1.48434
0 -1.375 -1.12496
0 -1.25 -0.796839
0 -1.125 -0.499964
0 -1 -0.234341
0 -0.875 3.31882e-005
0 -0.75 0.203157
0 -0.625 0.37503
0 -0.5 0.515653
0 -0.375 0.625026
0 -0.25 0.703149
0 -0.125 0.750021
0 0 0.765644
0 0.125 0.750016
0 0.25 0.703138
0 0.375 0.625011
0 0.5 0.515633
0 0.625 0.375005
0 0.75 0.203128
0 0.875 0
0 1 -0.234378
0 1.125 -0.500005
0 1.25 -0.796883
0 1.375 -1.12501
0 1.5 -1.48439
0 1.625 -1.87502
0 1.75 -2.29689
0 1.875 -2.75002
0 2 -3.2344
0 2.125 -3.75003
0 2.25 -4.29691
0 2.375 -4.87504
0 2.5 -5.48442
0 2.625 -6.12504
0 2.75 -6.79692
0 2.875 -7.50005
0 3 -8.23442
0 3.125 -9.00005
0 3.25 -9.79692
0 3.375 -10.625
0 3.5 -11.4844
0 3.625 -12.375
0 3.75 -13.2969
0 3.875 -14.25
0 4 -15.2344

1 -4 -15
1 -3.875 -14.0156
1 -3.75 -13.0625
1 -3.625 -12.1406
1 -3.5 -11.25
1 -3.375 -10.3906
1 -3.25 -9.56248
1 -3.125 -8.7656
1 -3 -7.99998
1 -2.875 -7.2656
1 -2.75 -6.56247
1 -2.625 -5.89059
1 -2.5 -5.24997
1 -2.375 -4.64059
1 -2.25 -4.06246
1 -2.125 -3.51559
1 -2 -2.99996
1 -1.875 -2.51559
1 -1.75 -2.06246
1 -1.625 -1.64059
1 -1.5 -1.24996
1 -1.375 -0.890586
1 -1.25 -0.562462
1 -1.125 -0.265587
1 -1 3.64965e-005
1 -0.875 0.23441
1 -0.75 0.437534
1 -0.625 0.609407
1 -0.5 0.75003
1 -0.375 0.859403
1 -0.25 0.937526
1 -0.125 0.984399
1 0 1.00002
1 0.125 0.984394
1 0.25 0.937516
1 0.375 0.859388
1 0.5 0.750011
1 0.625 0.609383
1 0.75 0.437505
1 0.875 0.234378
1 1 0
1 1.125 -0.265628
1 1.25 -0.562505
1 1.375 -0.890633
1 1.5 -1.25001
1 1.625 -1.64064
1 1.75 -2.06252
1 1.875 -2.51565
1 2 -3.00002
1 2.125 -3.51565
1 2.25 -4.06253
1 2.375 -4.64066
1 2.5 -5.25004
1 2.625 -5.89067
1 2.75 -6.56255
1 2.875 -7.26567
1 3 -8.00005
1 3.125 -8.76567
1 3.25 -9.56254
1 3.375 -10.3907
1 3.5 -11.25
1 3.625 -12.1407
1 3.75 -13.0625
1 3.875 -14.0156
1 4 -15

1 -4 -14.7344
1 -3.875 -13.75
1 -3.75 -12.7969
1 -3.625 -11.875
1 -3.5 -10.9844
1 -3.375 -10.125
1 -3.25 -9.29686
1 -3.125 -8.49998
1 -3 -7.73435
1 -2.875 -6.99997
1 -2.75 -6.29685
1 -2.625 -5.62497
1 -2.5 -4.98434
1 -2.375 -4.37496
1 -2.25 -3.79684
1 -2.125 -3.24996
1 -2 -2.73434
1 -1.875 -2.24996
1 -1.75 -1.79683
1 -1.625 -1.37496
1 -1.5 -0.984334
1 -1.375 -0.624959
1 -1.25 -0.296835
1 -1.125 3.93432e-005
1 -1 0.265663
1 -0.875 0.500037
1 -0.75 0.703161
1 -0.625 0.875034
1 -0.5 1.01566
1 -0.375 1.12503
1 -0.25 1.20315
1 -0.125 1.25003
1 0 1.26565
1 0.125 1.25002
1 0.25 1.20314
1 0.375 1.12502
1 0.5 1.01564
1 0.625 0.875011
1 0.75 0.703133
1 0.875 0.500005
1 1 0.265628
1 1.125 0
1 1.25 -0.296878
1 1.375 -0.625005
1 1.5 -0.984383
1 1.625 -1.37501
1 1.75 -1.79689
1 1.875 -2.25002
1 2 -2.7344
1 2.125 -3.25003
1 2.25 -3.7969
1 2.375 -4.37503
1 2.5 -4.98441
1 2.625 -5.62504
1 2.75 -6.29692
1 2.875 -7.00005
1 3 -7.73442
1 3.125 -8.50005
1 3.25 -9.29692
1 3.375 -10.125
1 3.5 -10.9844
1 3.625 -11.875
1 3.75 -12.7969
1 3.875 -13.75
1 4 -14.7344

1 -4 -14.4375
1 -3.875 -13.4531
1 -3.75 -12.5
1 -3.625 -11.5781
1 -3.5 -10.6875
1 -3.375 -9.82811
1 -3.25 -8.99998
1 -3.125 -8.2031
1 -3 -7.43747
1 -2.875 -6.7031
1 -2.75 -5.99997
1 -2.625 -5.32809
1 -2.5 -4.68747
1 -2.375 -4.07809
1 -2.25 -3.49996
1 -2.125 -2.95309
1 -2 -2.43746
1 -1.875 -1.95308
1 -1.75 -1.49996
1 -1.625 -1.07808
1 -1.5 -0.687458
1 -1.375 -0.328083
1 -1.25 4.17421e-005
1 -1.125 0.296916
1 -1 0.56254
1 -0.875 0.796914
1 -0.75 1.00004
1 -0.625 1.17191
1 -0.5 1.31253
1 -0.375 1.42191
1 -0.25 1.50003
1 -0.125 1.5469
1 0 1.56253
1 0.125 1.5469
1 0.25 1.50002
1 0.375 1.42189
1 0.5 1.31252
1 0.625 1.17189
1 0.75 1.00001
1 0.875 0.796883
1 1 0.562505
1 1.125 0.296878
1 1.25 0
1 1.375 -0.328128
1 1.5 -0.687505
1 1.625 -1.07813
1 1.75 -1.50001
1 1.875 -1.95314
1 2 -2.43752
1 2.125 -2.95315
1 2.25 -3.50003
1 2.375 -4.07816
1 2.5 -4.68754
1 2.625 -5.32816
1 2.75 -6.00004
1 2.875 -6.70317
1 3 -7.43754
1 3.125 -8.20317
1 3.25 -9.00004
1 3.375 -9.82816
1 3.5 -10.6875
1 3.625 -11.5782
1 3.75 -12.5
1 3.875 -13.4531
1 4 -14.4375

1 -4 -14.1094
1 -3.875 -13.125
1 -3.75 -12.1719
1 -3.625 -11.25
1 -3.5 -10.3594
1 -3.375 -9.49998
1 -3.25 -8.67185
1 -3.125 -7.87498
1 -3 -7.10935
1 -2.875 -6.37497
1 -2.75 -5.67184
1 -2.625 -4.99997
1 -2.5 -4.35934
1 -2.375 -3.74996
1 -2.25 -3.17184
1 -2.125 -2.62496
1 -2 -2.10933
1 -1.875 -1.62496
1 -1.75 -1.17183
1 -1.625 -0.749956
1 -1.5 -0.359331
1 -1.375 4.37299e-005
1 -1.25 0.328168
1 -1.125 0.625043
1 -1 0.890667
1 -0.875 1.12504
1 -0.75 1.32816
1 -0.625 1.50004
1 -0.5 1.64066
1 -0.375 1.75003
1 -0.25 1.82816
1 -0.125 1.87503
1 0 1.89065
1 0.125 1.87503
1 0.25 1.82815
1 0.375 1.75002
1 0.5 1.64064
1 0.625 1.50002
1 0.75 1.32814
1 0.875 1.12501
1 1 0.890633
1 1.125 0.625005
1 1.25 0.328128
1 1.375 0
1 1.5 -0.359378
1 1.625 -0.750006
1 1.75 -1.17188
1 1.875 -1.62501
1 2 -2.10939
1 2.125 -2.62502
1 2.25 -3.1719
1 2.375 -3.75003
1 2.5 -4.35941
1 2.625 -5.00004
1 2.75 -5.67192
1 2.875 -6.37504
1 3 -7.10942
1 3.125 -7.87504
1 3.25 -8.67192
1 3.375 -9.50004
1 3.5 -10.3594
1 3.625 -11.25
1 3.75 -12.1719
1 3.875 -13.125
1 4 -14.1094

1 -4 -13.75
1 -3.875 -12.7656
1 -3.75 -11.8125
1 -3.625 -10.8906
1 -3.5 -9.99999
1 -3.375 -9.14061
1 -3.25 -8.31248
1 -3.125 -7.5156
1 -3 -6.74997
1 -2.875 -6.0156
1 -2.75 -5.31247
1 -2.625 -4.64059
1 -2.5 -3.99996
1 -2.375 -3.39059
1 -2.25 -2.81246
1 -2.125 -2.26558
1 -2 -1.74996
1 -1.875 -1.26558
1 -1.75 -0.812455
1 -1.625 -0.39058
1 -1.5 4.53638e-005
1 -1.375 0.35942
1 -1.25 0.687545
1 -1.125 0.98442
1 -1 1.25004
1 -0.875 1.48442
1 -0.75 1.68754
1 -0.625 1.85942
1 -0.5 2.00004
1 -0.375 2.10941
1 -0.25 2.18753
1 -0.125 2.23441
1 0 2.25003
1 0.125 2.2344
1 0.25 2.18753
1 0.375 2.1094
1 0.5 2.00002
1 0.625 1.85939
1 0.75 1.68752
1 0.875 1.48439
1 1 1.25001
1 1.125 0.984383
1 1.25 0.687505
1 1.375 0.359378
1 1.5 0
1 1.625 -0.390628
1 1.75 -0.812506
1 1.875 -1.26563
1 2 -1.75001
1 2.125 -2.26564
1 2.25 -2.81252
1 2.375 -3.39065
1 2.5 -4.00003
1 2.625 -4.64066
1 2.75 -5.31254
1 2.875 -6.01567
1 3 -6.75004
1 3.125 -7.51567
1 3.25 -8.31254
1 3.375 -9.14066
1 3.5 -10
1 3.625 -10.8906
1 3.75 -11.8125
1 3.875 -12.7656
1 4 -13.75

1 -4 -13.3594
1 -3.875 -12.375
1 -3.75 -11.4219
1 -3.625 -10.5
1 -3.5 -9.60936
1 -3.375 -8.74998
1 -3.25 -7.92185
1 -3.125 -7.12498
1 -3 -6.35935
1 -2.875 -5.62497
1 -2.75 -4.92184
1 -2.625 -4.24996
1 -2.5 -3.60934
1 -2.375 -2.99996
1 -2.25 -2.42183
1 -2.125 -1.87496
1 -2 -1.35933
1 -1.875 -0.874955
1 -1.75 -0.421829
1 -1.625 4.6716e-005
1 -1.5 0.390672
1 -1.375 0.750047
1 -1.25 1.07817
1 -1.125 1.37505
1 -1 1.64067
1 -0.875 1.87504
1 -0.75 2.07817
1 -0.625 2.25004
1 -0.5 2.39067
1 -0.375 2.50004
1 -0.25 2.57816
1 -0.125 2.62504
1 0 2.64066
1 0.125 2.62503
1 0.25 2.57815
1 0.375 2.50003
1 0.5 2.39065
1 0.625 2.25002
1 0.75 2.07814
1 0.875 1.87502
1 1 1.64064
1 1.125 1.37501
1 1.25 1.07813
1 1.375 0.750006
1 1.5 0.390628
1 1.625 0
1 1.75 -0.421878
1 1.875 -0.875007
1 2 -1.35939
1 2.125 -1.87501
1 2.25 -2.42189
1 2.375 -3.00002
1 2.5 -3.6094
1 2.625 -4.25003
1 2.75 -4.92191
1 2.875 -5.62504
1 3 -6.35941
1 3.125 -7.12504
1 3.25 -7.92191
1 3.375 -8.75003
1 3.5 -9.6094
1 3.625 -10.5
1 3.75 -11.4219
1 3.875 -12.375
1 4 -13.3594

1 -4 -12.9375
1 -3.875 -11.9531
1 -3.75 -11
1 -3.625 -10.0781
1 -3.5 -9.18748
1 -3.375 -8.32811
1 -3.25 -7.49998
1 -3.125 -6.7031
1 -3 -5.93747
1 -2.875 -5.20309
1 -2.75 -4.49997
1 -2.625 -3.82809
1 -2.5 -3.18746
1 -2.375 -2.57808
1 -2.25 -1.99996
1 -2.125 -1.45308
1 -2 -0.937454
1 -1.875 -0.453078
1 -1.75 4.78632e-005
1 -1.625 0.421923
1 -1.5 0.812549
1 -1.375 1.17192
1 -1.25 1.50005
1 -1.125 1.79692
1 -1 2.06255
1 -0.875 2.29692
1 -0.75 2.50005
1 -0.625 2.67192
1 -0.5 2.81254
1 -0.375 2.92192
1 -0.25 3.00004
1 -0.125 3.04691
1 0 3.06254
1 0.125 3.04691
1 0.25 3.00003
1 0.375 2.9219
1 0.5 2.81253
1 0.625 2.6719
1 0.75 2.50002
1 0.875 2.29689
1 1 2.06252
1 1.125 1.79689
1 1.25 1.50001
1 1.375 1.17188
1 1.5 0.812506
1 1.625 0.421878
1 1.75 0
1 1.875 -0.453129
1 2 -0.937507
1 2.125 -1.45314
1 2.25 -2.00002
1 2.375 -2.57815
1 2.5 -3.18753
1 2.625 -3.82815
1 2.75 -4.50003
1 2.875 -5.20316
1 3 -5.93754
1 3.125 -6.70316
1 3.25 -7.50004
1 3.375 -8.32816
1 3.5 -9.18753
1 3.625 -10.0781
1 3.75 -11
1 3.875 -11.9531
1 4 -12.9375

1 -4 -12.4844
1 -3.875 -11.5
1 -3.75 -10.5469
1 -3.625 -9.62499
1 -3.5 -8.73436
1 -3.375 -7.87498
1 -3.25 -7.04685
1 -3.125 -6.24997
1 -3 -5.48434
1 -2.875 -4.74997
1 -2.75 -4.04684
1 -2.625 -3.37496
1 -2.5 -2.73433
1 -2.375 -2.12496
1 -2.25 -1.54683
1 -2.125 -0.999954
1 -2 -0.484327
1 -1.875 4.88727e-005
1 -1.75 0.453175
1 -1.625 0.87505
1 -1.5 1.26568
1 -1.375 1.62505
1 -1.25 1.95318
1 -1.125 2.25005
1 -1 2.51567
1 -0.875 2.75005
1 -0.75 2.95317
1 -0.625 3.12505
1 -0.5 3.26567
1 -0.375 3.37504
1 -0.25 3.45317
1 -0.125 3.50004
1 0 3.51566
1 0.125 3.50004
1 0.25 3.45316
1 0.375 3.37503
1 0.5 3.26565
1 0.625 3.12503
1 0.75 2.95315
1 0.875 2.75002
1 1 2.51565
1 1.125 2.25002
1 1.25 1.95314
1 1.375 1.62501
1 1.5 1.26563
1 1.625 0.875007
1 1.75 0.453129
1 1.875 0
1 2 -0.484379
1 2.125 -1.00001
1 2.25 -1.54689
1 2.375 -2.12502
1 2.5 -2.7344
1 2.625 -3.37503
1 2.75 -4.0469
1 2.875 -4.75003
1 3 -5.48441
1 3.125 -6.25003
1 3.25 -7.04691
1 3.375 -7.87503
1 3.5 -8.7344
1 3.625 -9.62502
1 3.75 -10.5469
1 3.875 -11.5
1 4 -12.4844

2 -4 -12
2 -3.875 -11.0156
2 -3.75 -10.0625
2 -3.625 -9.14061
2 -3.5 -8.24998
2 -3.375 -7.3906
2 -3.25 -6.56248
2 -3.125 -5.7656
2 -3 -4.99997
2 -2.875 -4.26559
2 -2.75 -3.56246
2 -2.625 -2.89058
2 -2.5 -2.24996
2 -2.375 -1.64058
2 -2.25 -1.06245
2 -2.125 -0.515577
2 -2 4.97852e-005
2 -1.875 0.484426
2 -1.75 0.937552
2 -1.625 1.35943
2 -1.5 1.75005
2 -1.375 2.10943
2 -1.25 2.43755
2 -1.125 2.73443
2 -1 3.00005
2 -0.875 3.23443
2 -0.75 3.43755
2 -0.625 3.60942
2 -0.5 3.75005
2 -0.375 3.85942
2 -0.25 3.93754
2 -0.125 3.98442
2 0 4.00004
2 0.125 3.98441
2 0.25 3.93754
2 0.375 3.85941
2 0.5 3.75003
2 0.625 3.60941
2 0.75 3.43753
2 0.875 3.2344
2 1 3.00002
2 1.125 2.7344
2 1.25 2.43752
2 1.375 2.10939
2 1.5 1.75001
2 1.625 1.35939
2 1.75 0.937507
2 1.875 0.484379
2 2 0
2 2.125 -0.515629
2 2.25 -1.06251
2 2.375 -1.64064
2 2.5 -2.25002
2 2.625 -2.89065
2 2.75 -3.56253
2 2.875 -4.26565
2 3 -5.00003
2 3.125 -5.76566
2 3.25 -6.56253
2 3.375 -7.39065
2 3.5 -8.25002
2 3.625 -9.14064
2 3.75 -10.0625
2 3.875 -11.0156
2 4 -12

2 -4 -11.4844
2 -3.875 -10.5
2 -3.75 -9.54687
2 -3.625 -8.62499
2 -3.5 -7.73436
2 -3.375 -6.87498
2 -3.25 -6.04685
2 -3.125 -5.24997
2 -3 -4.48434
2 -2.875 -3.74996
2 -2.75 -3.04684
2 -2.625 -2.37496
2 -2.5 -1.73433
2 -2.375 -1.12495
2 -2.25 -0.546826
2 -2.125 5.05978e-005
2 -2 0.515677
2 -1.875 1.00005
2 -1.75 1.45318
2 -1.625 1.87505
2 -1.5 2.26568
2 -1.375 2.62506
2 -1.25 2.95318
2 -1.125 3.25006
2 -1 3.51568
2 -0.875 3.75005
2 -0.75 3.95318
2 -0.625 4.12505
2 -0.5 4.26568
2 -0.375 4.37505
2 -0.25 4.45317
2 -0.125 4.50005
2 0 4.51567
2 0.125 4.50004
2 0.25 4.45317
2 0.375 4.37504
2 0.5 4.26566
2 0.625 4.12503
2 0.75 3.95316
2 0.875 3.75003
2 1 3.51565
2 1.125 3.25003
2 1.25 2.95315
2 1.375 2.62502
2 1.5 2.26564
2 1.625 1.87501
2 1.75 1.45314
2 1.875 1.00001
2 2 0.515629
2 2.125 0
2 2.25 -0.54688
2 2.375 -1.12501
2 2.5 -1.73439
2 2.625 -2.37502
2 2.75 -3.0469
2 2.875 -3.75003
2 3 -4.4844
2 3.125 -5.25003
2 3.25 -6.0469
2 3.375 -6.87503
2 3.5 -7.7344
2 3.625 -8.62502
2 3.75 -9.54689
2 3.875 -10.5
2 4 -11.4844

2 -4 -10.9375
2 -3.875 -9.95312
2 -3.75 -8.99999
2 -3.625 -8.07811
2 -3.5 -7.18748
2 -3.375 -6.3281
2 -3.25 -5.49997
2 -3.125 -4.70309
2 -3 -3.93746
2 -2.875 -3.20309
2 -2.75 -2.49996
2 -2.625 -1.82808
2 -2.5 -1.18745
2 -2.375 -0.578076
2 -2.25 5.1249e-005
2 -2.125 0.546928
2 -2 1.06255
2 -1.875 1.54693
2 -1.75 2.00006
2 -1.625 2.42193
2 -1.5 2.81256
2 -1.375 3.17193
2 -1.25 3.50006
2 -1.125 3.79693
2 -1 4.06256
2 -0.875 4.29693
2 -0.75 4.50006
2 -0.625 4.67193
2 -0.5 4.81255
2 -0.375 4.92193
2 -0.25 5.00005
2 -0.125 5.04692
2 0 5.06255
2 0.125 5.04692
2 0.25 5.00004
2 0.375 4.92192
2 0.5 4.81254
2 0.625 4.67191
2 0.75 4.50004
2 0.875 4.29691
2 1 4.06253
2 1.125 3.7969
2 1.25 3.50003
2 1.375 3.1719
2 1.5 2.81252
2 1.625 2.42189
2 1.75 2.00002
2 1.875 1.54689
2 2 1.06251
2 2.125 0.54688
2 2.25 0
2 2.375 -0.57813
2 2.5 -1.18751
2 2.625 -1.82814
2 2.75 -2.50002
2 2.875 -3.20315
2 3 -3.93752
2 3.125 -4.70315
2 3.25 -5.50002
2 3.375 -6.32815
2 3.5 -7.18752
2 3.625 -8.07814
2 3.75 -9.00001
2 3.875 -9.95313
2 4 -10.9375

2 -4 -10.3594
2 -3.875 -9.37499
2 -3.75 -8.42186
2 -3.625 -7.49998
2 -3.5 -6.60935
2 -3.375 -5.74997
2 -3.25 -4.92185
2 -3.125 -4.12497
2 -3 -3.35934
2 -2.875 -2.62496
2 -2.75 -1.92183
2 -2.625 -1.24995
2 -2.5 -0.609326
2 -2.375 5.16115e-005
2 -2.25 0.578179
2 -2.125 1.12506
2 -2 1.64068
2 -1.875 2.12506
2 -1.75 2.57818
2 -1.625 3.00006
2 -1.5 3.39068
2 -1.375 3.75006
2 -1.25 4.07819
2 -1.125 4.37506
2 -1 4.64068
2 -0.875 4.87506
2 -0.75 5.07818
2 -0.625 5.25006
2 -0.5 5.39068
2 -0.375 5.50006
2 -0.25 5.57818
2 -0.125 5.62505
2 0 5.64068
2 0.125 5.62505
2 0.25 5.57817
2 0.375 5.50005
2 0.5 5.39067
2 0.625 5.25004
2 0.75 5.07816
2 0.875 4.87504
2 1 4.64066
2 1.125 4.37503
2 1.25 4.07816
2 1.375 3.75003
2 1.5 3.39065
2 1.625 3.00002
2 1.75 2.57815
2 1.875 2.12502
2 2 1.64064
2 2.125 1.12501
2 2.25 0.57813
2 2.375 0
2 2.5 -0.60938
2 2.625 -1.25001
2 2.75 -1.92189
2 2.875 -2.62502
2 3 -3.35939
2 3.125 -4.12502
2 3.25 -4.9219
2 3.375 -5.75002
2 3.5 -6.60939
2 3.625 -7.50001
2 3.75 -8.42188
2 3.875 -9.375
2 4 -10.3594

2 -4 -9.75
2 -3.875 -8.76562
2 -3.75 -7.81249
2 -3.625 -6.89061
2 -3.5 -5.99998
2 -3.375 -5.1406
2 -3.25 -4.31247
2 -3.125 -3.51559
2 -3 -2.74996
2 -2.875 -2.01558
2 -2.75 -1.31245
2 -2.625 -0.640576
2 -2.5 5.14973e-005
2 -2.375 0.609429
2 -2.25 1.18756
2 -2.125 1.73443
2 -2 2.25006
2 -1.875 2.73444
2 -1.75 3.18756
2 -1.625 3.60944
2 -1.5 4.00006
2 -1.375 4.35944
2 -1.25 4.68756
2 -1.125 4.98444
2 -1 5.25006
2 -0.875 5.48444
2 -0.75 5.68756
2 -0.625 5.85944
2 -0.5 6.00006
2 -0.375 6.10943
2 -0.25 6.18756
2 -0.125 6.23443
2 0 6.25005
2 0.125 6.23443
2 0.25 6.18755
2 0.375 6.10942
2 0.5 6.00005
2 0.625 5.85942
2 0.75 5.68754
2 0.875 5.48442
2 1 5.25004
2 1.125 4.98441
2 1.25 4.68754
2 1.375 4.35941
2 1.5 4.00003
2 1.625 3.6094
2 1.75 3.18753
2 1.875 2.7344
2 2 2.25002
2 2.125 1.73439
2 2.25 1.18751
2 2.375 0.60938
2 2.5 0
2 2.625 -0.64063
2 2.75 -1.31251
2 2.875 -2.01564
2 3 -2.75002
2 3.125 -3.51564
2 3.25 -4.31252
2 3.375 -5.14064
2 3.5 -6.00001
2 3.625 -6.89064
2 3.75 -7.81251
2 3.875 -8.76563
2 4 -9.75

2 -4 -9.10938
2 -3.875 -8.12499
2 -3.75 -7.17186
2 -3.625 -6.24998
2 -3.5 -5.35935
2 -3.375 -4.49997
2 -3.25 -3.67184
2 -3.125 -2.87496
2 -3 -2.10933
2 -2.875 -1.37496
2 -2.75 -0.671827
2 -2.625 5.0676e-005
2 -2.5 0.640678
2 -2.375 1.25006
2 -2.25 1.82818
2 -2.125 2.37506
2 -2 2.89069
2 -1.875 3.37506
2 -1.75 3.82819
2 -1.625 4.25006
2 -1.5 4.64069
2 -1.375 5.00006
2 -1.25 5.32819
2 -1.125 5.62506
2 -1 5.89069
2 -0.875 6.12506
2 -0.75 6.32819
2 -0.625 6.50006
2 -0.5 6.64069
2 -0.375 6.75006
2 -0.25 6.82818
2 -0.125 6.87506
2 0 6.89068
2 0.125 6.87505
2 0.25 6.82818
2 0.375 6.75005
2 0.5 6.64068
2 0.625 6.50005
2 0.75 6.32817
2 0.875 6.12504
2 1 5.89067
2 1.125 5.62504
2 1.25 5.32816
2 1.375 5.00004
2 1.5 4.64066
2 1.625 4.25003
2 1.75 3.82815
2 1.875 3.37503
2 2 2.89065
2 2.125 2.37502
2 2.25 1.82814
2 2.375 1.25001
2 2.5 0.64063
2 2.625 0
2 2.75 -0.671879
2 2.875 -1.37501
2 3 -2.10939
2 3.125 -2.87501
2 3.25 -3.67189
2 3.375 -4.50001
2 3.5 -5.35939
2 3.625 -6.25001
2 3.75 -7.17188
2 3.875 -8.125
2 4 -9.10938

2 -4 -8.4375
2 -3.875 -7.45312
2 -3.75 -6.49999
2 -3.625 -5.57811
2 -3.5 -4.68748
2 -3.375 -3.8281
2 -3.25 -2.99997
2 -3.125 -2.20309
2 -3 -1.43746
2 -2.875 -0.703079
2 -2.75 4.89098e-005
2 -2.625 0.671927
2 -2.5 1.31255
2 -2.375 1.92193
2 -2.25 2.50006
2 -2.125 3.04694
2 -2 3.56256
2 -1.875 4.04694
2 -1.75 4.50006
2 -1.625 4.92194
2 -1.5 5.31256
2 -1.375 5.67194
2 -1.25 6.00007
2 -1.125 6.29694
2 -1 6.56256
2 -0.875 6.79694
2 -0.75 7.00006
2 -0.625 7.17194
2 -0.5 7.31256
2 -0.375 7.42194
2 -0.25 7.50006
2 -0.125 7.54693
2 0 7.56256
2 0.125 7.54693
2 0.25 7.50006
2 0.375 7.42193
2 0.5 7.31255
2 0.625 7.17193
2 0.75 7.00005
2 0.875 6.79692
2 1 6.56255
2 1.125 6.29692
2 1.25 6.00004
2 1.375 5.67192
2 1.5 5.31254
2 1.625 4.92191
2 1.75 4.50003
2 1.875 4.0469
2 2 3.56253
2 2.125 3.0469
2 2.25 2.50002
2 2.375 1.92189
2 2.5 1.31251
2 2.625 0.671879
2 2.75 0
2 2.875 -0.703129
2 3 -1.43751
2 3.125 -2.20313
2 3.25 -3.00001
2 3.375 -3.82814
2 3.5 -4.68751
2 3.625 -5.57813
2 3.75 -6.50001
2 3.875 -7.45313
2 4 -8.4375

2 -4 -7.73438
2 -3.875 -6.74999
2 -3.75 -5.79686
2 -3.625 -4.87498
2 -3.5 -3.98435
2 -3.375 -3.12497
2 -3.25 -2.29684
2 -3.125 -1.49996
2 -3 -0.734333
2 -2.875 4.60006e-005
2 -2.75 0.703174
2 -2.625 1.37505
2 -2.5 2.01568
2 -2.375 2.62506
2 -2.25 3.20318
2 -2.125 3.75006
2 -2 4.26569
2 -1.875 4.75006
2 -1.75 5.20319
2 -1.625 5.62506
2 -1.5 6.01569
2 -1.375 6.37506
2 -1.25 6.70319
2 -1.125 7.00007
2 -1 7.26569
2 -0.875 7.50006
2 -0.75 7.70319
2 -0.625 7.87506
2 -0.5 8.01569
2 -0.375 8.12506
2 -0.25 8.20319
2 -0.125 8.25006
2 0 8.26568
2 0.125 8.25006
2 0.25 8.20318
2 0.375 8.12505
2 0.5 8.01568
2 0.625 7.87505
2 0.75 7.70318
2 0.875 7.50005
2 1 7.26567
2 1.125 7.00005
2 1.25 6.70317
2 1.375 6.37504
2 1.5 6.01567
2 1.625 5.62504
2 1.75 5.20316
2 1.875 4.75003
2 2 4.26565
2 2.125 3.75003
2 2.25 3.20315
2 2.375 2.62502
2 2.5 2.01564
2 2.625 1.37501
2 2.75 0.703129
2 2.875 0
2 3 -0.734378
2 3.125 -1.50001
2 3.25 -2.29688
2 3.375 -3.12501
2 3.5 -3.98438
2 3.625 -4.87501
2 3.75 -5.79688
2 3.875 -6.75
2 4 -7.73438

3 -4 -7
3 -3.875 -6.01562
3 -3.75 -5.06249
3 -3.625 -4.14061
3 -3.5 -3.24998
3 -3.375 -2.3906
3 -3.25 -1.56247
3 -3.125 -0.765587
3 -3 4.1843e-005
3 -2.875 0.73442
3 -2.75 1.43755
3 -2.625 2.10943
3 -2.5 2.75005
3 -2.375 3.35943
3 -2.25 3.93756
3 -2.125 4.48443
3 -2 5.00006
3 -1.875 5.48444
3 -1.75 5.93756
3 -1.625 6.35944
3 -1.5 6.75006
3 -1.375 7.10944
3 -1.25 7.43756
3 -1.125 7.73444
3 -1 8.00006
3 -0.875 8.23444
3 -0.75 8.43756
3 -0.625 8.60944
3 -0.5 8.75006
3 -0.375 8.85944
3 -0.25 8.93756
3 -0.125 8.98443
3 0 9.00006
3 0.125 8.98443
3 0.25 8.93756
3 0.375 8.85943
3 0.5 8.75005
3 0.625 8.60943
3 0.75 8.43755
3 0.875 8.23442
3 1 8.00005
3 1.125 7.73442
3 1.25 7.43754
3 1.375 7.10942
3 1.5 6.75004
3 1.625 6.35941
3 1.75 5.93754
3 1.875 5.48441
3 2 5.00003
3 2.125 4.4844
3 2.25 3.93752
3 2.375 3.35939
3 2.5 2.75002
3 2.625 2.10939
3 2.75 1.43751
3 2.875 0.734378
3 3 0
3 3.125 -0.765627
3 3.25 -1.5625
3 3.375 -2.39063
3 3.5 -3.25
3 3.625 -4.14063
3 3.75 -5.0625
3 3.875 -6.01563
3 4 -7

3 -4 -6.23438
3 -3.875 -5.24999
3 -3.75 -4.29686
3 -3.625 -3.37498
3 -3.5 -2.48435
3 -3.375 -1.62497
3 -3.25 -0.796843
3 -3.125 3.64743e-005
3 -3 0.765665
3 -2.875 1.50004
3 -2.75 2.20317
3 -2.625 2.87505
3 -2.5 3.51568
3 -2.375 4.12505
3 -2.25 4.70318
3 -2.125 5.25006
3 -2 5.76568
3 -1.875 6.25006
3 -1.75 6.70318
3 -1.625 7.12506
3 -1.5 7.51569
3 -1.375 7.87506
3 -1.25 8.20319
3 -1.125 8.50006
3 -1 8.76569
3 -0.875 9.00006
3 -0.75 9.20318
3 -0.625 9.37506
3 -0.5 9.51568
3 -0.375 9.62506
3 -0.25 9.70318
3 -0.125 9.75006
3 0 9.76568
3 0.125 9.75005
3 0.25 9.70318
3 0.375 9.62505
3 0.5 9.51568
3 0.625 9.37505
3 0.75 9.20317
3 0.875 9.00005
3 1 8.76567
3 1.125 8.50005
3 1.25 8.20317
3 1.375 7.87504
3 1.5 7.51567
3 1.625 7.12504
3 1.75 6.70316
3 1.875 6.25003
3 2 5.76566
3 2.125 5.25003
3 2.25 4.70315
3 2.375 4.12502
3 2.5 3.51564
3 2.625 2.87501
3 2.75 2.20313
3 2.875 1.50001
3 3 0.765627
3 3.125 0
3 3.25 -0.796877
3 3.375 -1.625
3 3.5 -2.48438
3 3.625 -3.375
3 3.75 -4.29688
3 3.875 -5.25
3 4 -6.23438

3 -4 -5.4375
3 -3.875 -4.45312
3 -3.75 -3.49999
3 -3.625 -2.57811
3 -3.5 -1.68748
3 -3.375 -0.828099
3 -3.25 3.01075e-005
3 -3.125 0.796909
3 -3 1.56254
3 -2.875 2.29692
3 -2.75 3.00004
3 -2.625 3.67192
3 -2.5 4.31255
3 -2.375 4.92192
3 -2.25 5.50005
3 -2.125 6.04693
3 -2 6.56255
3 -1.875 7.04693
3 -1.75 7.50005
3 -1.625 7.92193
3 -1.5 8.31256
3 -1.375 8.67193
3 -1.25 9.00006
3 -1.125 9.29693
3 -1 9.56256
3 -0.875 9.79693
3 -0.75 10.0001
3 -0.625 10.1719
3 -0.5 10.3126
3 -0.375 10.4219
3 -0.25 10.5001
3 -0.125 10.5469
3 0 10.5626
3 0.125 10.5469
3 0.25 10.5001
3 0.375 10.4219
3 0.5 10.3125
3 0.625 10.1719
3 0.75 10
3 0.875 9.79692
3 1 9.56254
3 1.125 9.29692
3 1.25 9.00004
3 1.375 8.67192
3 1.5 8.31254
3 1.625 7.92191
3 1.75 7.50004
3 1.875 7.04691
3 2 6.56253
3 2.125 6.0469
3 2.25 5.50002
3 2.375 4.9219
3 2.5 4.31252
3 2.625 3.67189
3 2.75 3.00001
3 2.875 2.29688
3 3 1.5625
3 3.125 0.796877
3 3.25 0
3 3.375 -0.828126
3 3.5 -1.6875
3 3.625 -2.57813
3 3.75 -3.5
3 3.875 -4.45313
3 4 -5.4375

3 -4 -4.60938
3 -3.875 -3.62499
3 -3.75 -2.67186
3 -3.625 -1.74999
3 -3.5 -0.859356
3 -3.375 2.31385e-005
3 -3.25 0.828152
3 -3.125 1.62503
3 -3 2.39066
3 -2.875 3.12504
3 -2.75 3.82816
3 -2.625 4.50004
3 -2.5 5.14067
3 -2.375 5.75004
3 -2.25 6.32817
3 -2.125 6.87505
3 -2 7.39067
3 -1.875 7.87505
3 -1.75 8.32817
3 -1.625 8.75005
3 -1.5 9.14067
3 -1.375 9.50005
3 -1.25 9.82817
3 -1.125 10.125
3 -1 10.3907
3 -0.875 10.625
3 -0.75 10.8282
3 -0.625 11
3 -0.5 11.1407
3 -0.375 11.25
3 -0.25 11.3282
3 -0.125 11.375
3 0 11.3907
3 0.125 11.375
3 0.25 11.3282
3 0.375 11.25
3 0.5 11.1407
3 0.625 11
3 0.75 10.8282
3 0.875 10.625
3 1 10.3907
3 1.125 10.125
3 1.25 9.82816
3 1.375 9.50004
3 1.5 9.14066
3 1.625 8.75003
3 1.75 8.32816
3 1.875 7.87503
3 2 7.39065
3 2.125 6.87503
3 2.25 6.32815
3 2.375 5.75002
3 2.5 5.14064
3 2.625 4.50001
3 2.75 3.82814
3 2.875 3.12501
3 3 2.39063
3 3.125 1.625
3 3.25 0.828126
3 3.375 0
3 3.5 -0.859376
3 3.625 -1.75
3 3.75 -2.67188
3 3.875 -3.625
3 4 -4.60938

3 -4 -3.75
3 -3.875 -2.76562
3 -3.75 -1.81249
3 -3.625 -0.890613
3 -3.5 1.61191e-005
3 -3.375 0.859395
3 -3.25 1.68752
3 -3.125 2.4844
3 -3 3.25003
3 -2.875 3.98441
3 -2.75 4.68753
3 -2.625 5.35941
3 -2.5 6.00004
3 -2.375 6.60941
3 -2.25 7.18754
3 -2.125 7.73441
3 -2 8.25004
3 -1.875 8.73442
3 -1.75 9.18754
3 -1.625 9.60942
3 -1.5 10
3 -1.375 10.3594
3 -1.25 10.6875
3 -1.125 10.9844
3 -1 11.25
3 -0.875 11.4844
3 -0.75 11.6875
3 -0.625 11.8594
3 -0.5 12
3 -0.375 12.1094
3 -0.25 12.1875
3 -0.125 12.2344
3 0 12.25
3 0.125 12.2344
3 0.25 12.1875
3 0.375 12.1094
3 0.5 12
3 0.625 11.8594
3 0.75 11.6875
3 0.875 11.4844
3 1 11.25
3 1.125 10.9844
3 1.25 10.6875
3 1.375 10.3594
3 1.5 10
3 1.625 9.6094
3 1.75 9.18753
3 1.875 8.7344
3 2 8.25002
3 2.125 7.7344
3 2.25 7.18752
3 2.375 6.60939
3 2.5 6.00001
3 2.625 5.35939
3 2.75 4.68751
3 2.875 3.98438
3 3 3.25
3 3.125 2.48438
3 3.25 1.6875
3 3.375 0.859376
3 3.5 0
3 3.625 -0.890625
3 3.75 -1.8125
3 3.875 -2.76563
3 4 -3.75

3 -4 -2.85938
3 -3.875 -1.875
3 -3.75 -0.921868
3 -3.625 9.69596e-006
3 -3.5 0.890638
3 -3.375 1.75002
3 -3.25 2.57814
3 -3.125 3.37502
3 -3 4.14065
3 -2.875 4.87502
3 -2.75 5.57815
3 -2.625 6.25003
3 -2.5 6.89065
3 -2.375 7.50003
3 -2.25 8.07815
3 -2.125 8.62503
3 -2 9.14066
3 -1.875 9.62503
3 -1.75 10.0782
3 -1.625 10.5
3 -1.5 10.8907
3 -1.375 11.25
3 -1.25 11.5782
3 -1.125 11.875
3 -1 12.1407
3 -0.875 12.375
3 -0.75 12.5782
3 -0.625 12.75
3 -0.5 12.8907
3 -0.375 13
3 -0.25 13.0782
3 -0.125 13.125
3 0 13.1407
3 0.125 13.125
3 0.25 13.0782
3 0.375 13
3 0.5 12.8907
3 0.625 12.75
3 0.75 12.5782
3 0.875 12.375
3 1 12.1407
3 1.125 11.875
3 1.25 11.5782
3 1.375 11.25
3 1.5 10.8906
3 1.625 10.5
3 1.75 10.0781
3 1.875 9.62502
3 2 9.14064
3 2.125 8.62502
3 2.25 8.07814
3 2.375 7.50001
3 2.5 6.89064
3 2.625 6.25001
3 2.75 5.57813
3 2.875 4.87501
3 3 4.14063
3 3.125 3.375
3 3.25 2.57813
3 3.375 1.75
3 3.5 0.890625
3 3.625 0
3 3.75 -0.921875
3 3.875 -1.875
3 4 -2.85938

3 -4 -1.9375
3 -3.875 -0.953123
3 -3.75 4.52343e-006
3 -3.625 0.921882
3 -3.5 1.81251
3 -3.375 2.67189
3 -3.25 3.50001
3 -3.125 4.29689
3 -3 5.06251
3 -2.875 5.79689
3 -2.75 6.50002
3 -2.625 7.17189
3 -2.5 7.81252
3 -2.375 8.42189
3 -2.25 9.00002
3 -2.125 9.5469
3 -2 10.0625
3 -1.875 10.5469
3 -1.75 11
3 -1.625 11.4219
3 -1.5 11.8125
3 -1.375 12.1719
3 -1.25 12.5
3 -1.125 12.7969
3 -1 13.0625
3 -0.875 13.2969
3 -0.75 13.5
3 -0.625 13.6719
3 -0.5 13.8125
3 -0.375 13.9219
3 -0.25 14
3 -0.125 14.0469
3 0 14.0625
3 0.125 14.0469
3 0.25 14
3 0.375 13.9219
3 0.5 13.8125
3 0.625 13.6719
3 0.75 13.5
3 0.875 13.2969
3 1 13.0625
3 1.125 12.7969
3 1.25 12.5
3 1.375 12.1719
3 1.5 11.8125
3 1.625 11.4219
3 1.75 11
3 1.875 10.5469
3 2 10.0625
3 2.125 9.54689
3 2.25 9.00001
3 2.375 8.42188
3 2.5 7.81251
3 2.625 7.17188
3 2.75 6.50001
3 2.875 5.79688
3 3 5.0625
3 3.125 4.29688
3 3.25 3.5
3 3.375 2.67188
3 3.5 1.8125
3 3.625 0.921875
3 3.75 0
3 3.875 -0.953125
3 4 -1.9375

3 -4 -0.984375
3 -3.875 1.16451e-006
3 -3.75 0.953127
3 -3.625 1.875
3 -3.5 2.76563
3 -3.375 3.62501
3 -3.25 4.45313
3 -3.125 5.25001
3 -3 6.01563
3 -2.875 6.75001
3 -2.75 7.45313
3 -2.625 8.12501
3 -2.5 8.76563
3 -2.375 9.37501
3 -2.25 9.95314
3 -2.125 10.5
3 -2 11.0156
3 -1.875 11.5
3 -1.75 11.9531
3 -1.625 12.375
3 -1.5 12.7656
3 -1.375 13.125
3 -1.25 13.4531
3 -1.125 13.75
3 -1 14.0156
3 -0.875 14.25
3 -0.75 14.4531
3 -0.625 14.625
3 -0.5 14.7656
3 -0.375 14.875
3 -0.25 14.9531
3 -0.125 15
3 0 15.0156
3 0.125 15
3 0.25 14.9531
3 0.375 14.875
3 0.5 14.7656
3 0.625 14.625
3 0.75 14.4531
3 0.875 14.25
3 1 14.0156
3 1.125 13.75
3 1.25 13.4531
3 1.375 13.125
3 1.5 12.7656
3 1.625 12.375
3 1.75 11.9531
3 1.875 11.5
3 2 11.0156
3 2.125 10.5
3 2.25 9.95313
3 2.375 9.375
3 2.5 8.76563
3 2.625 8.125
3 2.75 7.45313
3 2.875 6.75
3 3 6.01563
3 3.125 5.25
3 3.25 4.45313
3 3.375 3.625
3 3.5 2.76563
3 3.625 1.875
3 3.75 0.953125
3 3.875 0
3 4 -0.984375

4 -4 0
4 -3.875 0.984375
4 -3.75 1.9375
4 -3.625 2.85938
4 -3.5 3.75
4 -3.375 4.60938
4 -3.25 5.4375
4 -3.125 6.23438
4 -3 7
4 -2.875 7.73438
4 -2.75 8.4375
4 -2.625 9.10938
4 -2.5 9.75
4 -2.375 10.3594
4 -2.25 10.9375
4 -2.125 11.4844
4 -2 12
4 -1.875 12.4844
4 -1.75 12.9375
4 -1.625 13.3594
4 -1.5 13.75
4 -1.375 14.1094
4 -1.25 14.4375
4 -1.125 14.7344
4 -1 15
4 -0.875 15.2344
4 -0.75 15.4375
4 -0.625 15.6094
4 -0.5 15.75
4 -0.375 15.8594
4 -0.25 15.9375
4 -0.125 15.9844
4 0 16
4 0.125 15.9844
4 0.25 15.9375
4 0.375 15.8594
4 0.5 15.75
4 0.625 15.6094
4 0.75 15.4375
4 0.875 15.2344
4 1 15
4 1.125 14.7344
4 1.25 14.4375
4 1.375 14.1094
4 1.5 13.75
4 1.625 13.3594
4 1.75 12.9375
4 1.875 12.4844
4 2 12
4 2.125 11.4844
4 2.25 10.9375
4 2.375 10.3594
4 2.5 9.75
4 2.625 9.10938
4 2.75 8.4375
4 2.875 7.73438
4 3 7
4 3.125 6.23438
4 3.25 5.4375
4 3.375 4.60938
4 3.5 3.75
4 3.625 2.85938
4 3.75 1.9375
4 3.875 0.984375
4 4 0

