-4 -4 0
-4 -3.75 1.9375
-4 -3.5 3.75
-4 -3.25 5.4375
-4 -3 7
-4 -2.75 8.4375
-4 -2.5 9.75
-4 -2.25 10.9375
-4 -2 12
-4 -1.75 12.9375
-4 -1.5 13.75
-4 -1.25 14.4375
-4 -1 15
-4 -0.75 15.4375
-4 -0.5 15.75
-4 -0.25 15.9375
-4 0 16
-4 0.25 15.9375
-4 0.5 15.75
-4 0.75 15.4375
-4 1 15
-4 1.25 14.4375
-4 1.5 13.75
-4 1.75 12.9375
-4 2 12
-4 2.25 10.9375
-4 2.5 9.75
-4 2.75 8.4375
-4 3 7
-4 3.25 5.4375
-4 3.5 3.75
-4 3.75 1.9375
-4 4 0

-4 -4 -1.9375
-4 -3.75 0
-4 -3.5 1.8125
-4 -3.25 3.5
-4 -3 5.0625
-4 -2.75 6.5
-4 -2.5 7.8125
-4 -2.25 9
-4 -2 10.0625
-4 -1.75 11
-4 -1.5 11.8125
-4 -1.25 12.5
-4 -1 13.0625
-4 -0.75 13.5
-4 -0.5 13.8125
-4 -0.25 14
-4 0 14.0625
-4 0.25 14
-4 0.5 13.8125
-4 0.75 13.5
-4 1 13.0625
-4 1.25 12.5
-4 1.5 11.8125
-4 1.75 11
-4 2 10.0625
-4 2.25 8.99999
-4 2.5 7.81249
-4 2.75 6.49999
-4 3 5.06249
-4 3.25 3.5
-4 3.5 1.8125
-4 3.75 -1.59207e-006
-4 4 -1.9375

-4 -4 -3.75
-4 -3.75 -1.8125
-4 -3.5 0
-4 -3.25 1.6875
-4 -3 3.25
-4 -2.75 4.6875
-4 -2.5 6
-4 -2.25 7.1875
-4 -2 8.25
-4 -1.75 9.1875
-4 -1.5 10
-4 -1.25 10.6875
-4 -1 11.25
-4 -0.75 11.6875
-4 -0.5 12
-4 -0.25 12.1875
-4 0 12.25
-4 0.25 12.1875
-4 0.5 12
-4 0.75 11.6875
-4 1 11.25
-4 1.25 10.6875
-4 1.5 9.99998
-4 1.75 9.18748
-4 2 8.24998
-4 2.25 7.18748
-4 2.5 5.99998
-4 2.75 4.68749
-4 3 3.24999
-4 3.25 1.68749
-4 3.5 -6.19976e-006
-4 3.75 -1.8125
-4 4 -3.75

-4 -4 -5.4375
-4 -3.75 -3.5
-4 -3.5 -1.6875
-4 -3.25 0
-4 -3 1.5625
-4 -2.75 3
-4 -2.5 4.3125
-4 -2.25 5.5
-4 -2 6.5625
-4 -1.75 7.5
-4 -1.5 8.3125
-4 -1.25 9
-4 -1 9.56249
-4 -0.75 9.99999
-4 -0.5 10.3125
-4 -0.25 10.5
-4 0 10.5625
-4 0.25 10.5
-4 0.5 10.3125
-4 0.75 9.99998
-4 1 9.56248
-4 1.25 8.99997
-4 1.5 8.31247
-4 1.75 7.49997
-4 2 6.56247
-4 2.25 5.49997
-4 2.5 4.31248
-4 2.75 2.99998
-4 3 1.56248
-4 3.25 -1.33362e-005
-4 3.5 -1.68751
-4 3.75 -3.5
-4 4 -5.4375

-3 -4 -7
-3 -3.75 -5.0625
-3 -3.5 -3.25
-3 -3.25 -1.5625
-3 -3 0
-3 -2.75 1.4375
-3 -2.5 2.75
-3 -2.25 3.9375
-3 -2 5
-3 -1.75 5.9375
-3 -1.5 6.75
-3 -1.25 7.43749
-3 -1 7.99999
-3 -0.75 8.43749
-3 -0.5 8.74999
-3 -0.25 8.93748
-3 0 8.99998
-3 0.25 8.93748
-3 0.5 8.74997
-3 0.75 8.43747
-3 1 7.99997
-3 1.25 7.43747
-3 1.5 6.74997
-3 1.75 5.93747
-3 2 4.99997
-3 2.25 3.93747
-3 2.5 2.74997
-3 2.75 1.43747
-3 3 -2.22499e-005
-3 3.25 -1.56252
-3 3.5 -3.25001
-3 3.75 -5.06251
-3 4 -7

-3 -4 -8.4375
-3 -3.75 -6.5
-3 -3.5 -4.6875
-3 -3.25 -3
-3 -3 -1.4375
-3 -2.75 0
-3 -2.5 1.3125
-3 -2.25 2.5
-3 -2 3.5625
-3 -1.75 4.5
-3 -1.5 5.31249
-3 -1.25 5.99999
-3 -1 6.56249
-3 -0.75 6.99999
-3 -0.5 7.31248
-3 -0.25 7.49998
-3 0 7.56248
-3 0.25 7.49997
-3 0.5 7.31247
-3 0.75 6.99997
-3 1 6.56246
-3 1.25 5.99996
-3 1.5 5.31246
-3 1.75 4.49996
-3 2 3.56246
-3 2.25 2.49996
-3 2.5 1.31246
-3 2.75 -3.20056e-005
-3 3 -1.43753
-3 3.25 -3.00002
-3 3.5 -4.68751
-3 3.75 -6.50001
-3 4 -8.4375

-3 -4 -9.75
-3 -3.75 -7.8125
-3 -3.5 -6
-3 -3.25 -4.3125
-3 -3 -2.75
-3 -2.75 -1.3125
-3 -2.5 0
-3 -2.25 1.1875
-3 -2 2.25
-3 -1.75 3.1875
-3 -1.5 3.99999
-3 -1.25 4.68749
-3 -1 5.24999
-3 -0.75 5.68749
-3 -0.5 5.99998
-3 -0.25 6.18748
-3 0 6.24997
-3 0.25 6.18747
-3 0.5 5.99996
-3 0.75 5.68746
-3 1 5.24996
-3 1.25 4.68745
-3 1.5 3.99995
-3 1.75 3.18745
-3 2 2.24995
-3 2.25 1.18745
-3 2.5 -4.15818e-005
-3 2.75 -1.31254
-3 3 -2.75003
-3 3.25 -4.31252
-3 3.5 -6.00002
-3 3.75 -7.81251
-3 4 -9.75

-3 -4 -10.9375
-3 -3.75 -9
-3 -3.5 -7.1875
-3 -3.25 -5.5
-3 -3 -3.9375
-3 -2.75 -2.5
-3 -2.5 -1.1875
-3 -2.25 0
-3 -2 1.0625
-3 -1.75 2
-3 -1.5 2.8125
-3 -1.25 3.49999
-3 -1 4.06249
-3 -0.75 4.49999
-3 -0.5 4.81248
-3 -0.25 4.99998
-3 0 5.06247
-3 0.25 4.99997
-3 0.5 4.81246
-3 0.75 4.49996
-3 1 4.06245
-3 1.25 3.49995
-3 1.5 2.81245
-3 1.75 1.99995
-3 2 1.06245
-3 2.25 -4.99729e-005
-3 2.5 -1.18755
-3 2.75 -2.50004
-3 3 -3.93753
-3 3.25 -5.50003
-3 3.5 -7.18752
-3 3.75 -9.00001
-3 4 -10.9375

-2 -4 -12
-2 -3.75 -10.0625
-2 -3.5 -8.25
-2 -3.25 -6.5625
-2 -3 -5
-2 -2.75 -3.5625
-2 -2.5 -2.25
-2 -2.25 -1.0625
-2 -2 0
-2 -1.75 0.937498
-2 -1.5 1.75
-2 -1.25 2.43749
-2 -1 2.99999
-2 -0.75 3.43749
-2 -0.5 3.74998
-2 -0.25 3.93748
-2 0 3.99997
-2 0.25 3.93746
-2 0.5 3.74996
-2 0.75 3.43745
-2 1 2.99995
-2 1.25 2.43745
-2 1.5 1.74994
-2 1.75 0.937443
-2 2 -5.62831e-005
-2 2.25 -1.06255
-2 2.5 -2.25005
-2 2.75 -3.56254
-2 3 -5.00004
-2 3.25 -6.56253
-2 3.5 -8.25002
-2 3.75 -10.0625
-2 4 -12

-2 -4 -12.9375
-2 -3.75 -11
-2 -3.5 -9.1875
-2 -3.25 -7.5
-2 -3 -5.9375
-2 -2.75 -4.5
-2 -2.5 -3.1875
-2 -2.25 -2
-2 -2 -0.937498
-2 -1.75 0
-2 -1.5 0.812498
-2 -1.25 1.49999
-2 -1 2.06249
-2 -0.75 2.49999
-2 -0.5 2.81248
-2 -0.25 2.99998
-2 0 3.06247
-2 0.25 2.99996
-2 0.5 2.81246
-2 0.75 2.49995
-2 1 2.06245
-2 1.25 1.49994
-2 1.5 0.812441
-2 1.75 -5.98043e-005
-2 2 -0.937559
-2 2.25 -2.00006
-2 2.5 -3.18755
-2 2.75 -4.50005
-2 3 -5.93754
-2 3.25 -7.50003
-2 3.5 -9.18752
-2 3.75 -11
-2 4 -12.9375

-2 -4 -13.75
-2 -3.75 -11.8125
-2 -3.5 -10
-2 -3.25 -8.3125
-2 -3 -6.75
-2 -2.75 -5.31249
-2 -2.5 -3.99999
-2 -2.25 -2.8125
-2 -2 -1.75
-2 -1.75 -0.812498
-2 -1.5 0
-2 -1.25 0.687497
-2 -1 1.24999
-2 -0.75 1.68749
-2 -0.5 1.99998
-2 -0.25 2.18748
-2 0 2.24997
-2 0.25 2.18746
-2 0.5 1.99996
-2 0.75 1.68745
-2 1 1.24995
-2 1.25 0.687443
-2 1.5 -6.00695e-005
-2 1.75 -0.812561
-2 2 -1.75006
-2 2.25 -2.81256
-2 2.5 -4.00005
-2 2.75 -5.31255
-2 3 -6.75004
-2 3.25 -8.31253
-2 3.5 -10
-2 3.75 -11.8125
-2 4 -13.75

-2 -4 -14.4375
-2 -3.75 -12.5
-2 -3.5 -10.6875
-2 -3.25 -9
-2 -3 -7.43749
-2 -2.75 -5.99999
-2 -2.5 -4.68749
-2 -2.25 -3.49999
-2 -2 -2.43749
-2 -1.75 -1.49999
-2 -1.5 -0.687497
-2 -1.25 0
-2 -1 0.562496
-2 -0.75 0.999991
-2 -0.5 1.31249
-2 -0.25 1.49998
-2 0 1.56247
-2 0.25 1.49997
-2 0.5 1.31246
-2 0.75 0.999953
-2 1 0.562448
-2 1.25 -5.6882e-005
-2 1.5 -0.68756
-2 1.75 -1.50006
-2 2 -2.43756
-2 2.25 -3.50006
-2 2.5 -4.68755
-2 2.75 -6.00005
-2 3 -7.43754
-2 3.25 -9.00003
-2 3.5 -10.6875
-2 3.75 -12.5
-2 4 -14.4375

-1 -4 -15
-1 -3.75 -13.0625
-1 -3.5 -11.25
-1 -3.25 -9.56249
-1 -3 -7.99999
-1 -2.75 -6.56249
-1 -2.5 -5.24999
-1 -2.25 -4.06249
-1 -2 -2.99999
-1 -1.75 -2.06249
-1 -1.5 -1.24999
-1 -1.25 -0.562496
-1 -1 0
-1 -0.75 0.437495
-1 -0.5 0.74999
-1 -0.25 0.937483
-1 0 0.999976
-1 0.25 0.937469
-1 0.5 0.749962
-1 0.75 0.437456
-1 1 -5.03186e-005
-1 1.25 -0.562555
-1 1.5 -1.25006
-1 1.75 -2.06256
-1 2 -3.00006
-1 2.25 -4.06256
-1 2.5 -5.25005
-1 2.75 -6.56255
-1 3 -8.00004
-1 3.25 -9.56253
-1 3.5 -11.25
-1 3.75 -13.0625
-1 4 -15

-1 -4 -15.4375
-1 -3.75 -13.5
-1 -3.5 -11.6875
-1 -3.25 -9.99999
-1 -3 -8.43749
-1 -2.75 -6.99999
-1 -2.5 -5.68749
-1 -2.25 -4.49999
-1 -2 -3.43749
-1 -1.75 -2.49999
-1 -1.5 -1.68749
-1 -1.25 -0.999991
-1 -1 -0.437495
-1 -0.75 0
-1 -0.5 0.312494
-1 -0.25 0.499988
-1 0 0.562481
-1 0.25 0.499974
-1 0.5 0.312466
-1 0.75 -4.07125e-005
-1 1 -0.437547
-1 1.25 -1.00005
-1 1.5 -1.68756
-1 1.75 -2.50006
-1 2 -3.43756
-1 2.25 -4.50006
-1 2.5 -5.68755
-1 2.75 -7.00005
-1 3 -8.43754
-1 3.25 -10
-1 3.5 -11.6875
-1 3.75 -13.5
-1 4 -15.4375

-1 -4 -15.75
-1 -3.75 -13.8125
-1 -3.5 -12
-1 -3.25 -10.3125
-1 -3 -8.74999
-1 -2.75 -7.31248
-1 -2.5 -5.99998
-1 -2.25 -4.81248
-1 -2 -3.74998
-1 -1.75 -2.81248
-1 -1.5 -1.99998
-1 -1.25 -1.31249
-1 -1 -0.74999
-1 -0.75 -0.312494
-1 -0.5 0
-1 -0.25 0.187493
-1 0 0.249986
-1 0.25 0.187479
-1 0.5 -2.86179e-005
-1 0.75 -0.312536
-1 1 -0.750042
-1 1.25 -1.31255
-1 1.5 -2.00005
-1 1.75 -2.81255
-1 2 -3.75006
-1 2.25 -4.81255
-1 2.5 -6.00005
-1 2.75 -7.31254
-1 3 -8.75004
-1 3.25 -10.3125
-1 3.5 -12
-1 3.75 -13.8125
-1 4 -15.75

-1 -4 -15.9375
-1 -3.75 -14
-1 -3.5 -12.1875
-1 -3.25 -10.5
-1 -3 -8.93748
-1 -2.75 -7.49998
-1 -2.5 -6.18748
-1 -2.25 -4.99998
-1 -2 -3.93748
-1 -1.75 -2.99998
-1 -1.5 -2.18748
-1 -1.25 -1.49998
-1 -1 -0.937483
-1 -0.75 -0.499988
-1 -0.5 -0.187493
-1 -0.25 0
-1 0 0.0624928
-1 0.25 -1.47641e-005
-1 0.5 -0.187522
-1 0.75 -0.50003
-1 1 -0.937537
-1 1.25 -1.50004
-1 1.5 -2.18755
-1 1.75 -3.00005
-1 2 -3.93755
-1 2.25 -5.00005
-1 2.5 -6.18755
-1 2.75 -7.50004
-1 3 -8.93754
-1 3.25 -10.5
-1 3.5 -12.1875
-1 3.75 -14
-1 4 -15.9375

0 -4 -16
0 -3.75 -14.0625
0 -3.5 -12.25
0 -3.25 -10.5625
0 -3 -8.99998
0 -2.75 -7.56248
0 -2.5 -6.24997
0 -2.25 -5.06247
0 -2 -3.99997
0 -1.75 -3.06247
0 -1.5 -2.24997
0 -1.25 -1.56247
0 -1 -0.999976
0 -0.75 -0.562481
0 -0.5 -0.249986
0 -0.25 -0.0624928
0 0 0
0 0.25 -0.0625076
0 0.5 -0.250015
0 0.75 -0.562523
0 1 -1.00003
0 1.25 -1.56254
0 1.5 -2.25004
0 1.75 -3.06254
0 2 -4.00005
0 2.25 -5.06255
0 2.5 -6.25004
0 2.75 -7.56254
0 3 -9.00003
0 3.25 -10.5625
0 3.5 -12.25
0 3.75 -14.0625
0 4 -16

0 -4 -15.9375
0 -3.75 -14
0 -3.5 -12.1875
0 -3.25 -10.5
0 -3 -8.93748
0 -2.75 -7.49997
0 -2.5 -6.18747
0 -2.25 -4.99997
0 -2 -3.93746
0 -1.75 -2.99996
0 -1.5 -2.18746
0 -1.25 -1.49997
0 -1 -0.937469
0 -0.75 -0.499974
0 -0.5 -0.187479
0 -0.25 1.47641e-005
0 0 0.0625076
0 0.25 0
0 0.5 -0.187508
0 0.75 -0.500016
0 1 -0.937523
0 1.25 -1.50003
0 1.5 -2.18753
0 1.75 -3.00004
0 2 -3.93754
0 2.25 -5.00004
0 2.5 -6.18754
0 2.75 -7.50003
0 3 -8.93753
0 3.25 -10.5
0 3.5 -12.1875
0 3.75 -14
0 4 -15.9375

0 -4 -15.75
0 -3.75 -13.8125
0 -3.5 -12
0 -3.25 -10.3125
0 -3 -8.74997
0 -2.75 -7.31247
0 -2.5 -5.99996
0 -2.25 -4.81246
0 -2 -3.74996
0 -1.75 -2.81246
0 -1.5 -1.99996
0 -1.25 -1.31246
0 -1 -0.749962
0 -0.75 -0.312466
0 -0.5 2.86179e-005
0 -0.25 0.187522
0 0 0.250015
0 0.25 0.187508
0 0.5 0
0 0.75 -0.312508
0 1 -0.750015
0 1.25 -1.31252
0 1.5 -2.00003
0 1.75 -2.81253
0 2 -3.75003
0 2.25 -4.81253
0 2.5 -6.00003
0 2.75 -7.31253
0 3 -8.75003
0 3.25 -10.3125
0 3.5 -12
0 3.75 -13.8125
0 4 -15.75

0 -4 -15.4375
0 -3.75 -13.5
0 -3.5 -11.6875
0 -3.25 -9.99998
0 -3 -8.43747
0 -2.75 -6.99997
0 -2.5 -5.68746
0 -2.25 -4.49996
0 -2 -3.43745
0 -1.75 -2.49995
0 -1.5 -1.68745
0 -1.25 -0.999953
0 -1 -0.437456
0 -0.75 4.07125e-005
0 -0.5 0.312536
0 -0.25 0.50003
0 0 0.562523
0 0.25 0.500016
0 0.5 0.312508
0 0.75 0
0 1 -0.437507
0 1.25 -1.00001
0 1.5 -1.68752
0 1.75 -2.50002
0 2 -3.43753
0 2.25 -4.50003
0 2.5 -5.68753
0 2.75 -7.00003
0 3 -8.43752
0 3.25 -10
0 3.5 -11.6875
0 3.75 -13.5
0 4 -15.4375

1 -4 -15
1 -3.75 -13.0625
1 -3.5 -11.25
1 -3.25 -9.56248
1 -3 -7.99997
1 -2.75 -6.56246
1 -2.5 -5.24996
1 -2.25 -4.06245
1 -2 -2.99995
1 -1.75 -2.06245
1 -1.5 -1.24995
1 -1.25 -0.562448
1 -1 5.03186e-005
1 -0.75 0.437547
1 -0.5 0.750042
1 -0.25 0.937537
1 0 1.00003
1 0.25 0.937523
1 0.5 0.750015
1 0.75 0.437507
1 1 0
1 1.25 -0.562507
1 1.5 -1.25001
1 1.75 -2.06252
1 2 -3.00002
1 2.25 -4.06252
1 2.5 -5.25002
1 2.75 -6.56252
1 3 -8.00002
1 3.25 -9.56252
1 3.5 -11.25
1 3.75 -13.0625
1 4 -15

1 -4 -14.4375
1 -3.75 -12.5
1 -3.5 -10.6875
1 -3.25 -8.99997
1 -3 -7.43747
1 -2.75 -5.99996
1 -2.5 -4.68745
1 -2.25 -3.49995
1 -2 -2.43745
1 -1.75 -1.49994
1 -1.5 -0.687443
1 -1.25 5.6882e-005
1 -1 0.562555
1 -0.75 1.00005
1 -0.5 1.31255
1 -0.25 1.50004
1 0 1.56254
1 0.25 1.50003
1 0.5 1.31252
1 0.75 1.00001
1 1 0.562507
1 1.25 0
1 1.5 -0.687506
1 1.75 -1.50001
1 2 -2.43751
1 2.25 -3.50002
1 2.5 -4.68752
1 2.75 -6.00002
1 3 -7.43752
1 3.25 -9.00001
1 3.5 -10.6875
1 3.75 -12.5
1 4 -14.4375

1 -4 -13.75
1 -3.75 -11.8125
1 -3.5 -9.99998
1 -3.25 -8.31247
1 -3 -6.74997
1 -2.75 -5.31246
1 -2.5 -3.99995
1 -2.25 -2.81245
1 -2 -1.74994
1 -1.75 -0.812441
1 -1.5 6.00695e-005
1 -1.25 0.68756
1 -1 1.25006
1 -0.75 1.68756
1 -0.5 2.00005
1 -0.25 2.18755
1 0 2.25004
1 0.25 2.18753
1 0.5 2.00003
1 0.75 1.68752
1 1 1.25001
1 1.25 0.687506
1 1.5 0
1 1.75 -0.812505
1 2 -1.75001
1 2.25 -2.81251
1 2.5 -4.00001
1 2.75 -5.31251
1 3 -6.75001
1 3.25 -8.31251
1 3.5 -10
1 3.75 -11.8125
1 4 -13.75

1 -4 -12.9375
1 -3.75 -11
1 -3.5 -9.18748
1 -3.25 -7.49997
1 -3 -5.93747
1 -2.75 -4.49996
1 -2.5 -3.18745
1 -2.25 -1.99995
1 -2 -0.937443
1 -1.75 5.98043e-005
1 -1.5 0.812561
1 -1.25 1.50006
1 -1 2.06256
1 -0.75 2.50006
1 -0.5 2.81255
1 -0.25 3.00005
1 0 3.06254
1 0.25 3.00004
1 0.5 2.81253
1 0.75 2.50002
1 1 2.06252
1 1.25 1.50001
1 1.5 0.812505
1 1.75 0
1 2 -0.937504
1 2.25 -2.00001
1 2.5 -3.18751
1 2.75 -4.50001
1 3 -5.93751
1 3.25 -7.50001
1 3.5 -9.18751
1 3.75 -11
1 4 -12.9375

2 -4 -12
2 -3.75 -10.0625
2 -3.5 -8.24998
2 -3.25 -6.56247
2 -3 -4.99997
2 -2.75 -3.56246
2 -2.5 -2.24995
2 -2.25 -1.06245
2 -2 5.62831e-005
2 -1.75 0.937559
2 -1.5 1.75006
2 -1.25 2.43756
2 -1 3.00006
2 -0.75 3.43756
2 -0.5 3.75006
2 -0.25 3.93755
2 0 4.00005
2 0.25 3.93754
2 0.5 3.75003
2 0.75 3.43753
2 1 3.00002
2 1.25 2.43751
2 1.5 1.75001
2 1.75 0.937504
2 2 0
2 2.25 -1.0625
2 2.5 -2.25001
2 2.75 -3.56251
2 3 -5.00001
2 3.25 -6.56251
2 3.5 -8.25
2 3.75 -10.0625
2 4 -12

2 -4 -10.9375
2 -3.75 -8.99999
2 -3.5 -7.18748
2 -3.25 -5.49997
2 -3 -3.93747
2 -2.75 -2.49996
2 -2.5 -1.18745
2 -2.25 4.99729e-005
2 -2 1.06255
2 -1.75 2.00006
2 -1.5 2.81256
2 -1.25 3.50006
2 -1 4.06256
2 -0.75 4.50006
2 -0.5 4.81255
2 -0.25 5.00005
2 0 5.06255
2 0.25 5.00004
2 0.5 4.81253
2 0.75 4.50003
2 1 4.06252
2 1.25 3.50002
2 1.5 2.81251
2 1.75 2.00001
2 2 1.0625
2 2.25 0
2 2.5 -1.1875
2 2.75 -2.5
2 3 -3.9375
2 3.25 -5.5
2 3.5 -7.1875
2 3.75 -9
2 4 -10.9375

2 -4 -9.75
2 -3.75 -7.81249
2 -3.5 -5.99998
2 -3.25 -4.31248
2 -3 -2.74997
2 -2.75 -1.31246
2 -2.5 4.15818e-005
2 -2.25 1.18755
2 -2 2.25005
2 -1.75 3.18755
2 -1.5 4.00005
2 -1.25 4.68755
2 -1 5.25005
2 -0.75 5.68755
2 -0.5 6.00005
2 -0.25 6.18755
2 0 6.25004
2 0.25 6.18754
2 0.5 6.00003
2 0.75 5.68753
2 1 5.25002
2 1.25 4.68752
2 1.5 4.00001
2 1.75 3.18751
2 2 2.25001
2 2.25 1.1875
2 2.5 0
2 2.75 -1.3125
2 3 -2.75
2 3.25 -4.3125
2 3.5 -6
2 3.75 -7.8125
2 4 -9.75

2 -4 -8.4375
2 -3.75 -6.49999
2 -3.5 -4.68749
2 -3.25 -2.99998
2 -3 -1.43747
2 -2.75 3.20056e-005
2 -2.5 1.31254
2 -2.25 2.50004
2 -2 3.56254
2 -1.75 4.50005
2 -1.5 5.31255
2 -1.25 6.00005
2 -1 6.56255
2 -0.75 7.00005
2 -0.5 7.31254
2 -0.25 7.50004
2 0 7.56254
2 0.25 7.50003
2 0.5 7.31253
2 0.75 7.00003
2 1 6.56252
2 1.25 6.00002
2 1.5 5.31251
2 1.75 4.50001
2 2 3.56251
2 2.25 2.5
2 2.5 1.3125
2 2.75 0
2 3 -1.4375
2 3.25 -3
2 3.5 -4.6875
2 3.75 -6.5
2 4 -8.4375

3 -4 -7
3 -3.75 -5.06249
3 -3.5 -3.24999
3 -3.25 -1.56248
3 -3 2.22499e-005
3 -2.75 1.43753
3 -2.5 2.75003
3 -2.25 3.93753
3 -2 5.00004
3 -1.75 5.93754
3 -1.5 6.75004
3 -1.25 7.43754
3 -1 8.00004
3 -0.75 8.43754
3 -0.5 8.75004
3 -0.25 8.93754
3 0 9.00003
3 0.25 8.93753
3 0.5 8.75003
3 0.75 8.43752
3 1 8.00002
3 1.25 7.43752
3 1.5 6.75001
3 1.75 5.93751
3 2 5.00001
3 2.25 3.9375
3 2.5 2.75
3 2.75 1.4375
3 3 0
3 3.25 -1.5625
3 3.5 -3.25
3 3.75 -5.0625
3 4 -7

3 -4 -5.4375
3 -3.75 -3.5
3 -3.5 -1.68749
3 -3.25 1.33362e-005
3 -3 1.56252
3 -2.75 3.00002
3 -2.5 4.31252
3 -2.25 5.50003
3 -2 6.56253
3 -1.75 7.50003
3 -1.5 8.31253
3 -1.25 9.00003
3 -1 9.56253
3 -0.75 10
3 -0.5 10.3125
3 -0.25 10.5
3 0 10.5625
3 0.25 10.5
3 0.5 10.3125
3 0.75 10
3 1 9.56252
3 1.25 9.00001
3 1.5 8.31251
3 1.75 7.50001
3 2 6.56251
3 2.25 5.5
3 2.5 4.3125
3 2.75 3
3 3 1.5625
3 3.25 0
3 3.5 -1.6875
3 3.75 -3.5
3 4 -5.4375

3 -4 -3.75
3 -3.75 -1.8125
3 -3.5 6.19976e-006
3 -3.25 1.68751
3 -3 3.25001
3 -2.75 4.68751
3 -2.5 6.00002
3 -2.25 7.18752
3 -2 8.25002
3 -1.75 9.18752
3 -1.5 10
3 -1.25 10.6875
3 -1 11.25
3 -0.75 11.6875
3 -0.5 12
3 -0.25 12.1875
3 0 12.25
3 0.25 12.1875
3 0.5 12
3 0.75 11.6875
3 1 11.25
3 1.25 10.6875
3 1.5 10
3 1.75 9.18751
3 2 8.25
3 2.25 7.1875
3 2.5 6
3 2.75 4.6875
3 3 3.25
3 3.25 1.6875
3 3.5 0
3 3.75 -1.8125
3 4 -3.75

3 -4 -1.9375
3 -3.75 1.59207e-006
3 -3.5 1.8125
3 -3.25 3.5
3 -3 5.06251
3 -2.75 6.50001
3 -2.5 7.81251
3 -2.25 9.00001
3 -2 10.0625
3 -1.75 11
3 -1.5 11.8125
3 -1.25 12.5
3 -1 13.0625
3 -0.75 13.5
3 -0.5 13.8125
3 -0.25 14
3 0 14.0625
3 0.25 14
3 0.5 13.8125
3 0.75 13.5
3 1 13.0625
3 1.25 12.5
3 1.5 11.8125
3 1.75 11
3 2 10.0625
3 2.25 9
3 2.5 7.8125
3 2.75 6.5
3 3 5.0625
3 3.25 3.5
3 3.5 1.8125
3 3.75 0
3 4 -1.9375

4 -4 0
4 -3.75 1.9375
4 -3.5 3.75
4 -3.25 5.4375
4 -3 7
4 -2.75 8.4375
4 -2.5 9.75
4 -2.25 10.9375
4 -2 12
4 -1.75 12.9375
4 -1.5 13.75
4 -1.25 14.4375
4 -1 15
4 -0.75 15.4375
4 -0.5 15.75
4 -0.25 15.9375
4 0 16
4 0.25 15.9375
4 0.5 15.75
4 0.75 15.4375
4 1 15
4 1.25 14.4375
4 1.5 13.75
4 1.75 12.9375
4 2 12
4 2.25 10.9375
4 2.5 9.75
4 2.75 8.4375
4 3 7
4 3.25 5.4375
4 3.5 3.75
4 3.75 1.9375
4 4 0

