-4 -4 0
-4 -3.5 3.75
-4 -3 7
-4 -2.5 9.75
-4 -2 12
-4 -1.5 13.75
-4 -1 15
-4 -0.5 15.75
-4 0 16
-4 0.5 15.75
-4 1 15
-4 1.5 13.75
-4 2 12
-4 2.5 9.75
-4 3 7
-4 3.5 3.75
-4 4 0

-4 -4 -3.75
-4 -3.5 0
-4 -3 3.25
-4 -2.5 6
-4 -2 8.25
-4 -1.5 10
-4 -1 11.25
-4 -0.5 12
-4 0 12.25
-4 0.5 12
-4 1 11.25
-4 1.5 9.99999
-4 2 8.24999
-4 2.5 5.99999
-4 3 3.24999
-4 3.5 -2.80194e-006
-4 4 -3.75

-3 -4 -7
-3 -3.5 -3.25
-3 -3 0
-3 -2.5 2.75
-3 -2 5
-3 -1.5 6.74999
-3 -1 7.99999
-3 -0.5 8.74999
-3 0 8.99998
-3 0.5 8.74998
-3 1 7.99998
-3 1.5 6.74998
-3 2 4.99998
-3 2.5 2.74999
-3 3 -1.01559e-005
-3 3.5 -3.25001
-3 4 -7

-3 -4 -9.75
-3 -3.5 -6
-3 -3 -2.75
-3 -2.5 0
-3 -2 2.25
-3 -1.5 3.99999
-3 -1 5.24999
-3 -0.5 5.99998
-3 0 6.24998
-3 0.5 5.99997
-3 1 5.24997
-3 1.5 3.99997
-3 2 2.24998
-3 2.5 -1.92646e-005
-3 3 -2.75001
-3 3.5 -6.00001
-3 4 -9.75

-2 -4 -12
-2 -3.5 -8.25
-2 -3 -5
-2 -2.5 -2.25
-2 -2 0
-2 -1.5 1.75
-2 -1 2.99999
-2 -0.5 3.74998
-2 0 3.99998
-2 0.5 3.74997
-2 1 2.99997
-2 1.5 1.74997
-2 2 -2.65403e-005
-2 2.5 -2.25002
-2 3 -5.00002
-2 3.5 -8.25001
-2 4 -12

-2 -4 -13.75
-2 -3.5 -10
-2 -3 -6.74999
-2 -2.5 -3.99999
-2 -2 -1.75
-2 -1.5 0
-2 -1 1.24999
-2 -0.5 1.99999
-2 0 2.24998
-2 0.5 1.99997
-2 1 1.24997
-2 1.5 -2.88336e-005
-2 2 -1.75003
-2 2.5 -4.00002
-2 3 -6.75002
-2 3.5 -10
-2 4 -13.75

-1 -4 -15
-1 -3.5 -11.25
-1 -3 -7.99999
-1 -2.5 -5.24999
-1 -2 -2.99999
-1 -1.5 -1.24999
-1 -1 0
-1 -0.5 0.749993
-1 0 0.999985
-1 0.5 0.749979
-1 1 -2.45217e-005
-1 1.5 -1.25003
-1 2 -3.00002
-1 2.5 -5.25002
-1 3 -8.00001
-1 3.5 -11.25
-1 4 -15

-1 -4 -15.75
-1 -3.5 -12
-1 -3 -8.74999
-1 -2.5 -5.99998
-1 -2 -3.74998
-1 -1.5 -1.99999
-1 -1 -0.749993
-1 -0.5 0
-1 0 0.249992
-1 0.5 -1.40888e-005
-1 1 -0.750019
-1 1.5 -2.00002
-1 2 -3.75002
-1 2.5 -6.00002
-1 3 -8.75001
-1 3.5 -12
-1 4 -15.75

0 -4 -16
0 -3.5 -12.25
0 -3 -8.99998
0 -2.5 -6.24998
0 -2 -3.99998
0 -1.5 -2.24998
0 -1 -0.999985
0 -0.5 -0.249992
0 0 0
0 0.5 -0.250007
0 1 -1.00001
0 1.5 -2.25002
0 2 -4.00002
0 2.5 -6.25001
0 3 -9.00001
0 3.5 -12.25
0 4 -16

0 -4 -15.75
0 -3.5 -12
0 -3 -8.74998
0 -2.5 -5.99997
0 -2 -3.74997
0 -1.5 -1.99997
0 -1 -0.749979
0 -0.5 1.40888e-005
0 0 0.250007
0 0.5 0
0 1 -0.750006
0 1.5 -2.00001
0 2 -3.75001
0 2.5 -6.00001
0 3 -8.75001
0 3.5 -12
0 4 -15.75

1 -4 -15
1 -3.5 -11.25
1 -3 -7.99998
1 -2.5 -5.24997
1 -2 -2.99997
1 -1.5 -1.24997
1 -1 2.45217e-005
1 -0.5 0.750019
1 0 1.00001
1 0.5 0.750006
1 1 0
1 1.5 -1.25
1 2 -3.00001
1 2.5 -5.25001
1 3 -8
1 3.5 -11.25
1 4 -15

1 -4 -13.75
1 -3.5 -9.99999
1 -3 -6.74998
1 -2.5 -3.99997
1 -2 -1.74997
1 -1.5 2.88336e-005
1 -1 1.25003
1 -0.5 2.00002
1 0 2.25002
1 0.5 2.00001
1 1 1.25
1 1.5 0
1 2 -1.75
1 2.5 -4
1 3 -6.75
1 3.5 -10
1 4 -13.75

2 -4 -12
2 -3.5 -8.24999
2 -3 -4.99998
2 -2.5 -2.24998
2 -2 2.65403e-005
2 -1.5 1.75003
2 -1 3.00002
2 -0.5 3.75002
2 0 4.00002
2 0.5 3.75001
2 1 3.00001
2 1.5 1.75
2 2 0
2 2.5 -2.25
2 3 -5
2 3.5 -8.25
2 4 -12

2 -4 -9.75
2 -3.5 -5.99999
2 -3 -2.74999
2 -2.5 1.92646e-005
2 -2 2.25002
2 -1.5 4.00002
2 -1 5.25002
2 -0.5 6.00002
2 0 6.25001
2 0.5 6.00001
2 1 5.25001
2 1.5 4
2 2 2.25
2 2.5 0
2 3 -2.75
2 3.5 -6
2 4 -9.75

3 -4 -7
3 -3.5 -3.24999
3 -3 1.01559e-005
3 -2.5 2.75001
3 -2 5.00002
3 -1.5 6.75002
3 -1 8.00001
3 -0.5 8.75001
3 0 9.00001
3 0.5 8.75001
3 1 8
3 1.5 6.75
3 2 5
3 2.5 2.75
3 3 0
3 3.5 -3.25
3 4 -7

3 -4 -3.75
3 -3.5 2.80194e-006
3 -3 3.25001
3 -2.5 6.00001
3 -2 8.25001
3 -1.5 10
3 -1 11.25
3 -0.5 12
3 0 12.25
3 0.5 12
3 1 11.25
3 1.5 10
3 2 8.25
3 2.5 6
3 3 3.25
3 3.5 0
3 4 -3.75

4 -4 0
4 -3.5 3.75
4 -3 7
4 -2.5 9.75
4 -2 12
4 -1.5 13.75
4 -1 15
4 -0.5 15.75
4 0 16
4 0.5 15.75
4 1 15
4 1.5 13.75
4 2 12
4 2.5 9.75
4 3 7
4 3.5 3.75
4 4 0

